1000
4898
0 113 0.952
0 242 0.012
0 279 0.691
0 326 0.301
0 385 0.457
0 393 0.453
0 545 0.545
0 672 0.058
0 691 0.432
0 717 0.054
0 943 0.298
1 150 0.198
1 160 0.686
1 264 0.164
1 292 0.657
1 302 0.024
1 487 0.706
1 595 0.167
2 72 0.824
2 77 0.940
2 87 0.913
2 189 0.173
2 563 0.269
2 740 0.537
3 95 0.032
3 100 0.692
3 106 0.708
3 141 0.372
3 220 0.026
3 334 0.708
3 424 0.213
3 466 0.969
3 783 0.200
3 808 0.728
3 833 0.625
3 931 0.349
3 982 0.034
4 19 0.966
4 127 0.909
4 155 0.407
4 267 0.726
4 320 0.337
4 682 0.610
4 695 0.738
4 781 0.679
4 815 0.337
4 934 0.291
4 977 0.891
5 27 0.824
5 547 0.447
5 755 0.985
5 906 0.202
5 972 0.670
6 112 0.729
6 177 0.192
6 225 0.868
6 552 0.109
6 658 0.448
6 713 0.364
6 760 0.482
7 220 0.073
7 313 0.846
7 612 0.476
7 618 0.929
7 739 0.220
7 819 0.136
7 978 0.873
8 79 0.846
8 81 0.412
8 365 0.840
8 380 0.209
8 387 0.417
8 829 0.176
8 860 0.180
9 377 0.749
9 448 0.947
9 456 0.539
9 474 0.555
9 532 0.445
9 590 0.544
9 603 0.217
9 695 0.977
9 791 0.674
9 841 0.321
9 942 0.282
10 24 0.318
10 95 0.478
10 144 0.001
10 177 0.781
10 324 0.965
10 418 0.041
10 614 0.139
10 621 0.838
10 749 0.538
10 829 0.306
10 851 0.964
10 852 0.641
10 922 0.020
11 66 0.987
11 178 0.394
11 192 0.800
11 220 0.953
11 252 0.150
11 407 0.265
11 851 0.929
12 291 0.084
12 508 0.117
12 513 0.607
12 804 0.370
12 960 0.799
13 115 0.907
13 163 0.239
13 186 0.908
13 247 0.670
13 273 0.308
13 478 0.861
13 548 0.483
13 693 0.467
13 722 0.237
13 817 0.396
13 958 0.089
13 980 0.965
13 995 0.758
14 47 0.861
14 70 0.875
14 273 0.298
14 558 0.943
14 595 0.191
14 647 0.934
14 750 0.981
14 872 0.667
15 202 0.095
15 234 0.564
15 407 0.950
15 446 0.292
15 490 0.897
15 650 0.247
15 787 0.886
15 901 0.158
15 933 0.766
15 938 0.329
15 956 0.715
16 141 0.085
16 301 0.750
16 305 0.372
16 395 0.186
16 397 0.080
16 606 0.372
16 615 0.251
16 704 0.488
16 757 0.140
16 759 0.316
16 888 0.472
17 366 0.705
17 446 0.245
17 662 0.663
17 676 0.526
17 950 0.037
17 959 0.015
17 982 0.760
18 109 0.920
18 239 0.929
18 307 0.679
18 487 0.180
18 507 0.724
18 569 0.040
18 806 0.863
18 823 0.733
18 840 0.052
18 893 0.691
18 901 0.223
19 152 0.206
19 172 0.443
19 499 0.997
19 628 0.657
19 689 0.524
19 842 0.057
19 866 0.110
19 893 0.157
19 971 0.868
20 333 0.215
20 334 0.915
20 448 0.259
20 740 0.441
20 795 0.957
21 51 0.684
21 97 0.221
21 549 0.899
21 641 0.584
21 941 0.571
21 953 0.802
21 954 0.964
22 141 0.442
22 160 0.574
22 175 0.468
22 188 0.452
22 244 0.314
22 250 0.212
22 263 0.520
22 360 0.387
22 394 0.059
22 569 0.364
22 605 0.192
22 733 0.946
23 93 0.018
23 100 0.933
23 232 0.425
23 435 0.472
23 524 0.987
23 545 0.732
23 725 0.645
23 858 0.123
23 867 0.523
23 942 0.544
24 118 0.750
24 200 0.928
24 253 0.584
24 317 0.941
24 444 0.181
24 559 0.074
24 612 0.263
24 867 0.388
25 46 0.555
25 55 0.093
25 70 0.681
25 135 0.866
25 227 0.645
25 304 0.028
25 345 0.905
25 455 0.958
25 467 0.562
25 671 0.903
25 684 0.604
25 694 0.599
25 943 0.154
26 61 0.653
26 86 0.888
26 280 0.006
26 646 0.687
26 805 0.667
26 841 0.823
26 884 0.240
26 900 0.878
26 969 0.297
27 234 0.961
27 367 0.897
27 384 0.660
27 399 0.629
27 403 0.897
27 404 0.869
27 455 0.343
27 484 0.329
27 665 0.142
27 735 0.913
28 50 0.870
28 163 0.753
28 229 0.860
28 431 0.063
28 536 0.095
28 696 0.237
28 724 0.360
28 800 0.651
28 818 0.573
28 864 0.394
28 885 0.796
28 941 0.755
29 211 0.942
29 636 0.932
29 639 0.300
29 832 0.525
30 46 0.600
30 556 0.438
30 649 0.211
30 720 0.101
30 883 0.360
30 898 0.008
31 200 0.925
31 586 0.967
31 858 0.433
32 81 0.515
32 103 0.647
32 401 0.449
32 462 0.279
32 637 0.929
32 666 0.436
32 668 0.052
32 689 0.857
32 737 0.323
32 882 0.566
32 930 0.396
32 970 0.114
33 253 0.980
33 270 0.309
33 277 0.574
33 353 0.854
33 394 0.058
33 471 0.486
33 955 0.377
34 236 0.750
34 576 0.054
34 735 0.093
34 916 0.335
34 994 0.287
35 276 0.227
35 335 0.128
35 475 0.129
35 588 0.476
35 615 0.197
35 667 0.846
35 725 0.817
35 862 0.166
35 903 0.992
35 914 0.065
36 79 0.058
36 239 0.416
36 433 0.397
36 571 0.563
36 700 0.560
36 790 0.100
36 818 0.363
36 957 0.878
36 960 0.958
37 103 0.311
37 116 0.643
37 360 0.327
37 436 0.867
37 471 0.866
37 536 0.389
37 767 0.199
37 946 0.592
37 964 0.747
38 107 0.682
38 172 0.814
38 221 0.461
38 227 0.229
38 319 0.419
38 463 0.854
38 631 0.168
38 653 0.954
38 676 0.824
38 770 0.219
38 783 0.758
38 796 0.102
38 831 0.498
38 844 0.949
38 858 0.019
38 886 0.009
38 910 0.987
38 992 0.376
39 131 0.572
39 199 0.922
39 311 0.455
39 354 0.640
39 361 0.225
39 366 0.892
39 690 0.353
39 777 0.451
39 914 0.925
39 943 0.174
40 161 0.882
40 309 0.198
40 638 0.458
40 641 0.018
40 713 0.714
40 716 0.852
40 754 0.992
40 785 0.492
40 828 0.440
41 126 0.049
41 214 0.446
41 289 0.619
41 389 0.828
41 398 0.873
41 483 0.079
41 500 0.526
41 738 0.270
41 921 0.899
42 173 0.968
42 303 0.601
42 386 0.039
42 446 0.383
42 482 0.271
42 487 0.432
42 581 0.406
42 604 0.347
42 677 0.042
43 119 0.767
43 157 0.828
43 177 0.382
43 181 0.983
43 280 0.976
43 316 0.058
43 431 0.076
43 549 0.488
43 749 0.510
43 873 0.868
43 941 0.466
44 83 0.588
44 128 0.344
44 136 0.029
44 220 0.022
44 410 0.693
44 632 0.167
44 689 0.886
45 65 0.509
45 66 0.325
45 67 0.450
45 188 0.100
45 219 0.991
45 239 0.658
45 347 0.032
45 460 0.747
45 591 0.523
45 737 0.009
45 871 0.733
45 956 0.173
45 982 0.964
45 993 0.328
46 153 0.289
46 266 0.413
46 292 0.553
46 303 0.750
46 309 0.125
46 334 0.559
46 549 0.014
46 622 0.557
46 768 0.204
46 822 0.551
46 852 0.553
46 902 0.399
46 989 0.885
47 144 0.778
47 277 0.503
47 290 0.830
47 291 0.318
47 303 0.166
47 621 0.311
47 793 0.258
47 797 0.047
47 960 0.550
48 100 0.883
48 106 0.392
48 223 0.596
48 331 0.236
48 413 0.960
48 441 0.772
48 442 0.466
48 443 0.572
48 473 0.940
48 477 0.975
48 551 0.875
48 739 0.364
48 839 0.297
48 938 0.265
49 50 0.190
49 123 0.909
49 155 0.393
49 236 0.217
49 347 0.779
49 412 0.735
49 413 0.252
49 521 0.756
49 606 0.476
49 794 0.452
49 875 0.010
49 951 0.997
50 87 0.925
50 157 0.284
50 179 0.231
50 480 0.457
50 646 0.881
50 669 0.812
50 727 0.098
50 736 0.567
50 755 0.844
50 762 0.464
50 792 0.598
50 820 0.667
50 823 0.939
50 965 0.351
51 328 0.650
51 616 0.828
51 629 0.977
51 690 0.391
51 743 0.645
51 805 0.296
51 847 0.792
51 921 0.014
52 196 0.355
52 246 0.141
52 271 0.276
52 293 0.068
52 378 0.624
52 837 0.084
53 172 0.777
53 179 0.597
53 182 0.649
53 265 0.159
53 277 0.280
53 304 0.940
53 490 0.200
53 515 0.845
53 524 0.415
53 536 0.519
53 711 0.327
53 883 0.415
53 911 0.067
53 921 0.352
54 90 0.831
54 234 0.322
54 256 0.927
54 332 0.723
54 391 0.872
54 706 0.416
54 751 0.878
54 808 0.313
55 65 0.961
55 70 0.680
55 84 0.019
55 117 0.402
55 153 0.481
55 227 0.910
55 378 0.327
55 404 0.525
55 457 0.862
55 488 0.047
55 644 0.874
55 868 0.393
55 884 0.312
56 126 0.533
56 139 0.492
56 227 0.731
56 410 0.645
56 562 0.628
56 577 0.946
56 729 0.960
56 745 0.951
56 811 0.890
56 855 0.048
57 180 0.778
57 480 0.078
57 498 0.996
57 545 0.697
58 70 0.115
58 195 0.323
58 285 0.608
58 463 0.224
58 465 0.150
58 601 0.449
58 849 0.932
58 904 0.802
58 936 0.835
58 966 0.672
59 93 0.560
59 237 0.462
59 292 0.467
59 379 0.765
59 592 0.235
59 787 0.144
59 971 0.699
60 80 0.141
60 105 0.422
60 128 0.280
60 236 0.277
60 254 0.903
60 421 0.490
60 528 0.427
60 674 0.183
60 897 0.660
61 178 0.870
61 285 0.399
61 355 0.253
61 425 0.187
61 429 0.605
61 588 0.891
61 646 0.061
61 771 0.862
62 114 0.145
62 143 0.860
62 157 0.496
62 429 0.726
62 554 0.575
62 802 0.421
62 958 0.944
62 992 0.811
63 215 0.041
63 246 0.430
63 389 0.367
63 563 0.891
63 919 0.250
64 123 0.763
64 229 0.680
64 294 0.175
64 451 0.729
64 601 0.123
64 862 0.917
64 889 0.068
64 968 0.218
64 981 0.230
65 71 0.757
65 426 0.155
65 515 0.639
65 557 0.886
65 590 0.098
65 648 0.289
65 672 0.821
65 685 0.927
65 718 0.690
65 790 0.566
65 803 0.606
65 815 0.183
65 866 0.050
66 110 0.772
66 224 0.783
66 323 0.119
66 554 0.324
66 605 0.057
66 629 0.855
66 682 0.457
66 888 0.298
66 922 0.787
66 926 0.563
67 177 0.238
67 219 0.868
67 374 0.143
67 423 0.783
67 490 0.804
67 756 0.280
67 763 0.380
67 909 0.854
67 974 0.858
68 237 0.073
68 435 0.806
68 465 0.977
68 560 0.203
68 729 0.347
68 839 0.968
68 856 0.830
68 878 0.918
69 81 0.915
69 137 0.836
69 338 0.999
69 541 0.342
69 643 0.264
70 222 0.977
70 260 0.410
70 649 0.453
70 763 0.301
70 864 0.076
70 869 0.596
70 974 0.292
71 220 0.284
71 247 0.155
71 265 0.245
71 351 0.400
71 450 0.394
71 455 0.669
71 509 0.137
71 577 0.833
71 649 0.992
71 671 0.239
71 852 0.432
71 956 0.865
72 226 0.142
72 308 0.286
72 383 0.615
72 429 0.574
72 436 0.789
72 559 0.846
72 868 0.134
72 891 0.428
72 895 0.422
72 919 0.675
72 941 0.785
73 422 0.427
73 466 0.155
73 612 0.030
73 826 0.089
73 945 0.010
74 99 0.215
74 177 0.474
74 249 0.137
74 643 0.608
74 778 0.503
74 806 0.198
74 904 0.615
74 906 0.926
75 217 0.442
75 291 0.610
75 810 0.241
75 855 0.907
75 906 0.902
75 939 0.893
76 106 0.346
76 158 0.505
76 204 0.036
76 299 0.672
76 378 0.225
76 592 0.828
76 819 0.091
76 826 0.190
77 250 0.261
77 314 0.399
77 418 0.718
77 524 0.036
77 553 0.470
77 576 0.542
77 661 0.321
77 886 0.917
77 980 0.496
78 222 0.126
78 374 0.323
78 452 0.183
78 556 0.786
78 744 0.635
78 811 0.483
78 865 0.899
78 887 0.054
79 139 0.949
79 140 0.082
79 232 0.187
79 301 0.018
79 513 0.366
79 637 0.846
79 695 0.930
79 793 0.076
79 839 0.949
80 370 0.777
80 438 0.864
80 456 0.632
80 574 0.066
80 747 0.784
80 757 0.948
81 121 0.691
81 174 0.790
81 368 0.982
81 372 0.109
81 387 0.607
81 818 0.702
81 993 0.728
82 109 0.917
82 218 0.872
82 446 0.137
82 705 0.170
83 154 0.448
83 168 0.147
83 237 0.054
83 268 0.035
83 286 0.651
83 302 0.260
83 510 0.890
83 514 0.627
83 547 0.409
83 680 0.501
83 714 0.927
83 754 0.387
83 880 0.754
83 882 0.697
83 884 0.647
83 949 0.847
84 147 0.246
84 267 0.461
84 360 0.414
84 492 0.812
84 921 0.995
85 136 0.741
85 181 0.504
85 300 0.204
85 401 0.483
85 531 0.397
85 602 0.022
85 692 0.297
85 771 0.659
85 854 0.659
86 125 0.686
86 202 0.793
86 211 0.554
86 233 0.576
86 302 0.919
86 310 0.153
86 356 0.567
86 626 0.167
86 655 0.924
86 682 0.715
86 701 0.133
86 787 0.079
86 949 0.929
86 956 0.619
87 237 0.592
87 282 0.999
87 295 0.795
87 301 0.129
87 503 0.987
87 512 0.035
87 885 0.202
88 172 0.311
88 192 0.534
88 249 0.638
88 318 0.119
88 368 0.901
88 388 0.209
88 499 0.539
88 701 0.696
88 831 0.521
88 927 0.425
88 970 0.661
89 241 0.539
89 352 0.514
89 394 0.236
89 575 0.995
89 624 0.449
89 694 0.714
89 713 0.403
89 715 0.663
89 949 0.041
89 961 0.565
90 161 0.090
90 167 0.526
90 225 0.445
90 257 0.765
90 381 0.137
90 476 0.558
90 482 0.762
90 491 0.831
90 567 0.400
90 596 0.758
90 685 0.594
90 694 0.769
90 723 0.054
90 904 0.530
90 973 0.860
91 110 0.209
91 191 0.649
91 224 0.258
91 244 0.610
91 482 0.814
91 602 0.629
91 743 0.744
91 825 0.512
91 921 0.285
91 966 0.126
91 994 0.344
92 177 0.914
92 521 0.817
92 622 0.461
92 663 0.292
92 721 0.933
92 757 0.913
92 804 0.562
92 904 0.035
92 950 0.677
92 956 0.330
93 151 0.950
93 204 0.974
93 274 0.403
93 323 0.299
93 337 0.593
93 414 0.490
93 596 0.965
93 602 0.291
93 934 0.950
93 937 0.202
93 946 0.698
93 971 0.940
94 147 0.021
94 227 0.276
94 340 0.183
94 395 0.328
94 428 0.068
94 487 0.896
94 492 0.220
94 735 0.506
94 865 0.524
95 127 0.425
95 192 0.685
95 202 0.040
95 294 0.183
95 332 0.415
95 422 0.835
95 446 0.637
95 609 0.405
95 691 0.724
96 141 0.999
96 178 0.133
96 464 0.347
96 578 0.460
96 647 0.203
96 829 0.656
97 478 0.418
97 499 0.811
97 926 0.777
97 981 0.295
98 146 0.227
98 311 0.844
98 346 0.244
98 356 0.158
98 401 0.737
98 573 0.399
98 654 0.652
98 663 0.500
98 669 0.257
98 756 0.986
99 108 0.075
99 317 0.743
99 372 0.413
99 385 0.722
99 434 0.125
99 472 0.551
99 510 0.913
99 555 0.363
99 561 0.960
99 616 0.626
99 648 0.775
99 763 0.148
99 825 0.251
99 940 0.759
99 950 0.773
100 107 0.961
100 118 0.640
100 153 0.814
100 176 0.139
100 375 0.582
100 836 0.697
100 943 0.988
100 978 0.781
101 246 0.235
101 362 0.643
101 489 0.530
101 509 0.205
101 574 0.560
101 685 0.801
101 831 0.417
101 960 0.125
102 127 0.188
102 331 0.845
102 362 0.119
102 399 0.853
102 490 0.619
102 761 0.160
102 776 0.803
102 817 0.812
103 214 0.218
103 281 0.080
103 425 0.625
103 577 0.177
103 600 0.888
103 678 0.983
103 861 0.932
104 166 0.965
104 167 0.880
104 209 0.785
104 518 0.603
104 686 0.095
104 699 0.153
104 756 0.099
104 767 0.985
104 874 0.579
105 171 0.101
105 201 0.216
105 384 0.473
105 388 0.922
105 397 0.026
105 566 0.833
105 598 0.463
105 687 0.163
105 848 0.104
105 918 0.702
106 122 0.024
106 305 0.724
106 374 0.978
106 462 0.076
106 496 0.432
106 548 0.987
106 563 0.269
106 712 0.894
106 727 0.617
106 773 0.426
106 806 0.576
106 945 0.854
106 954 0.792
107 286 0.445
107 407 0.787
107 595 0.402
107 855 0.963
107 910 0.544
107 986 0.909
108 111 0.680
108 200 0.505
108 614 0.016
108 616 0.722
108 651 0.973
108 763 0.469
108 772 0.021
109 417 0.624
109 872 0.364
110 123 0.509
110 182 0.155
110 211 0.992
110 258 0.660
110 412 0.092
110 476 0.734
110 488 0.270
110 699 0.608
110 739 0.814
110 745 0.930
110 802 0.407
110 839 0.287
110 932 0.869
111 154 0.406
111 326 0.821
111 397 0.481
111 414 0.495
111 485 0.176
111 488 0.836
111 500 0.154
111 607 0.734
111 724 0.039
111 742 0.112
111 939 0.480
111 959 0.679
112 260 0.410
112 332 0.621
112 497 0.286
112 540 0.928
112 678 0.903
112 722 0.685
112 757 0.879
112 876 0.518
112 902 0.535
112 975 0.165
113 116 0.705
113 143 0.521
113 198 0.226
113 454 0.673
113 529 0.150
113 611 0.938
113 777 0.986
113 857 0.556
113 983 0.939
114 244 0.279
114 287 0.886
114 312 0.802
114 330 0.933
114 361 0.591
114 611 0.777
114 869 0.220
114 891 0.492
115 193 0.836
115 197 0.391
115 390 0.898
115 409 0.358
115 422 0.824
115 658 0.056
115 856 0.398
116 129 0.377
116 166 0.270
116 268 0.551
116 469 0.163
116 611 0.798
116 658 0.913
116 667 0.684
116 683 0.956
116 700 0.996
116 736 0.363
116 887 0.920
117 252 0.484
117 254 0.251
117 268 0.251
117 330 0.915
117 372 0.291
117 425 0.727
117 796 0.264
117 837 0.290
117 887 0.791
117 991 0.375
118 172 0.293
118 218 0.370
118 219 0.845
118 221 0.855
118 226 0.919
118 257 0.802
118 350 0.678
118 410 0.830
118 518 0.145
118 610 0.014
118 617 0.682
118 688 0.264
118 763 0.150
118 935 0.574
118 950 0.531
118 989 0.536
119 176 0.145
119 225 0.261
119 226 0.972
119 246 0.534
119 342 0.567
119 541 0.769
119 579 0.496
119 588 0.599
119 871 0.666
119 884 0.107
120 201 0.532
120 205 0.012
120 338 0.490
120 389 0.011
120 573 0.498
120 618 0.188
120 707 0.293
120 777 0.029
120 810 0.102
120 817 0.695
121 215 0.243
121 361 0.443
121 392 0.393
121 453 0.825
121 526 0.023
121 968 0.160
122 198 0.751
122 204 0.122
122 390 0.689
122 477 0.614
122 636 0.317
122 725 0.555
122 913 0.592
122 917 0.587
122 932 0.531
122 944 0.368
123 187 0.565
123 206 0.478
123 243 0.310
123 349 0.533
123 373 0.585
123 511 0.432
123 626 1.000
123 879 0.860
123 965 0.177
124 213 0.622
124 348 0.770
124 611 0.917
124 664 0.612
124 745 0.740
124 754 0.118
124 871 0.380
124 882 0.454
124 919 0.397
124 958 0.269
124 963 0.844
125 152 0.448
125 160 0.826
125 162 0.293
125 451 0.236
125 726 0.614
125 774 0.730
125 925 0.881
126 128 0.479
126 137 0.011
126 660 0.859
126 702 0.766
126 704 0.955
126 753 0.382
126 904 0.861
126 973 0.002
127 357 0.676
127 440 0.107
127 443 0.836
127 836 0.551
128 144 0.941
128 288 0.690
128 297 0.637
128 344 0.282
128 347 0.439
128 390 0.206
128 419 0.681
128 516 0.927
128 529 0.601
128 617 0.474
128 731 0.011
128 771 0.835
128 783 0.974
128 847 0.920
128 908 0.445
129 230 0.843
129 429 0.318
129 505 0.328
129 574 0.677
129 586 0.716
129 719 0.374
129 981 0.564
130 338 0.855
130 456 0.452
130 457 0.599
130 458 0.047
130 543 0.811
130 549 0.009
130 555 0.399
130 591 0.513
131 583 0.956
131 744 0.773
131 943 0.669
132 400 0.975
132 425 0.995
132 482 0.798
132 483 0.470
132 495 0.073
132 511 0.379
132 633 0.036
132 662 0.593
132 828 0.178
132 845 0.637
132 888 0.691
133 210 0.885
133 226 0.731
133 228 0.426
133 541 0.651
133 694 0.740
133 774 0.273
133 888 0.782
134 216 0.503
134 222 0.444
134 250 0.183
134 270 0.501
134 335 0.261
134 563 0.179
134 624 0.894
134 658 0.532
134 705 0.393
134 769 0.708
134 871 0.625
134 976 0.210
135 336 0.562
135 407 0.773
135 424 0.026
135 893 0.750
135 945 0.444
136 533 0.310
136 679 0.773
137 254 0.889
137 452 0.503
137 478 0.945
137 771 0.201
137 799 0.755
137 879 0.064
138 503 0.858
138 507 0.607
138 946 0.425
139 149 0.618
139 182 0.937
139 217 0.511
139 354 0.640
139 441 0.235
139 454 0.648
139 712 0.183
139 789 0.629
139 838 0.641
140 175 0.612
140 226 0.202
140 514 0.089
140 526 0.881
140 558 0.446
140 567 0.753
140 616 0.191
140 762 0.705
140 812 0.240
140 967 0.984
141 208 0.949
141 236 0.766
141 312 0.954
141 395 0.788
141 497 0.483
141 601 0.476
141 652 0.118
141 851 0.595
141 900 0.830
141 913 0.399
142 212 0.616
142 247 0.555
142 270 0.539
142 647 0.410
142 682 0.613
142 788 0.947
142 797 0.766
143 263 0.570
143 435 0.772
143 519 0.942
143 575 0.671
143 645 0.205
143 844 0.168
143 846 0.395
143 925 0.750
144 173 0.325
144 193 0.952
144 243 0.922
144 392 0.159
144 529 0.530
144 641 0.630
144 757 0.000
144 962 0.632
145 180 0.762
145 495 0.674
145 689 0.739
145 701 0.321
145 877 0.439
145 930 0.095
146 203 0.837
146 204 0.092
146 206 0.500
146 395 0.211
146 453 0.896
146 660 0.109
146 936 0.146
147 328 0.537
147 420 0.541
147 656 0.783
147 800 0.827
147 925 0.629
147 932 0.280
147 944 0.703
148 208 0.811
148 833 0.580
148 866 0.030
148 936 0.023
148 951 0.289
149 190 0.870
149 287 0.841
149 298 0.864
149 329 0.637
149 403 0.612
149 431 0.323
149 678 0.948
149 715 0.590
149 726 0.834
149 847 0.897
149 954 0.422
149 992 0.026
150 263 0.315
150 529 0.528
150 580 0.795
150 823 0.787
151 217 0.679
151 258 0.778
151 410 0.443
151 757 0.341
151 799 0.450
151 812 0.362
151 848 0.477
151 870 0.678
152 246 0.687
152 333 0.137
152 771 0.640
152 814 0.034
152 966 0.606
153 164 0.026
153 228 0.626
153 313 0.943
153 403 0.192
153 473 0.373
153 580 0.305
153 650 0.028
153 832 0.088
153 839 0.743
153 935 0.569
153 991 0.735
154 167 0.255
154 296 0.566
154 483 0.802
154 504 0.266
154 777 0.606
154 853 0.173
154 875 0.969
155 187 0.271
155 250 0.800
155 256 0.297
155 282 0.532
155 425 0.037
155 444 0.924
155 450 0.560
155 459 0.977
155 538 0.612
155 820 0.433
155 825 0.862
155 879 0.774
155 881 0.524
155 889 0.237
155 895 0.049
155 959 0.561
156 184 0.276
156 223 0.550
156 225 0.075
156 247 0.804
156 331 0.874
156 379 0.436
156 436 0.822
156 682 0.761
156 762 0.413
156 784 0.254
156 935 0.608
156 996 0.476
157 192 0.122
157 282 0.092
157 354 0.215
157 430 0.563
157 547 0.597
157 616 0.893
157 623 0.780
157 945 0.026
158 310 0.334
158 724 0.265
158 758 0.224
158 786 0.968
158 865 0.218
158 898 0.416
158 982 0.365
159 183 0.874
159 205 0.032
159 464 0.553
159 603 0.406
159 649 0.851
159 657 0.212
159 882 0.829
160 249 0.446
160 280 0.420
160 341 0.201
160 700 0.440
160 750 0.498
160 884 0.118
161 248 0.405
161 330 0.900
161 385 0.814
161 448 0.159
161 720 0.407
161 754 0.475
161 871 0.415
162 233 0.914
162 262 0.497
162 285 0.553
162 331 0.719
162 498 0.057
162 502 0.742
162 620 0.109
162 806 0.849
162 847 0.497
162 870 0.559
163 271 0.481
163 484 0.930
163 587 0.731
163 700 0.253
163 725 0.815
163 826 0.032
163 904 0.500
164 176 0.299
164 345 0.720
164 376 0.439
164 442 0.141
164 456 0.242
164 457 0.995
164 465 0.431
164 582 0.218
165 236 0.246
165 301 0.232
165 321 0.666
165 610 0.821
165 807 0.043
165 933 0.368
166 172 0.441
166 384 0.111
166 751 0.001
166 819 0.167
166 920 0.681
166 960 0.940
167 204 0.555
167 361 0.110
167 373 0.013
167 484 0.364
167 575 0.785
167 593 0.557
167 631 0.950
167 637 0.864
167 861 0.333
167 890 0.165
168 301 0.972
168 433 0.653
168 670 0.849
168 703 0.734
168 836 0.125
168 863 0.655
168 999 0.994
169 188 0.674
169 303 0.753
169 486 0.639
169 605 0.699
169 752 0.884
169 753 0.214
169 780 0.306
169 840 0.478
169 875 0.864
169 985 0.072
170 227 0.405
170 250 0.270
170 318 0.448
170 659 0.012
170 693 0.504
170 699 0.483
170 734 0.337
170 776 0.244
170 777 0.674
170 911 0.967
171 272 0.715
171 274 0.817
171 307 0.734
171 319 0.798
171 321 0.280
171 404 0.319
171 449 0.527
171 558 0.645
171 609 0.336
171 696 0.547
171 843 0.560
171 887 0.412
172 180 0.035
172 309 0.458
172 393 0.587
172 548 0.487
172 618 0.019
172 803 0.805
172 823 0.362
172 892 0.852
172 974 0.908
173 201 0.342
173 384 0.968
173 698 0.687
173 701 0.207
174 240 0.575
174 266 0.145
174 525 0.669
174 541 0.173
174 546 0.486
174 600 0.244
174 632 0.183
174 681 0.282
174 771 0.813
174 852 0.047
175 203 0.290
175 260 0.335
175 272 0.606
175 337 0.440
175 444 0.335
175 495 0.237
175 602 0.324
175 695 0.291
175 796 0.146
175 797 0.906
175 804 0.035
175 895 0.145
176 242 0.105
176 446 0.849
176 484 0.527
176 541 0.986
176 544 0.393
176 563 0.665
176 584 0.487
176 621 0.913
176 708 0.551
176 767 0.562
176 782 0.504
176 884 0.327
176 950 0.578
177 205 0.476
177 238 0.315
177 293 0.954
177 455 0.841
177 510 0.163
177 613 0.475
178 264 0.731
178 277 0.580
178 373 0.222
178 467 0.477
178 502 0.216
178 529 0.249
178 572 0.472
178 604 0.263
178 649 0.376
178 740 0.016
178 754 0.310
178 817 0.885
178 838 0.969
179 214 0.783
179 266 0.011
179 285 0.091
179 307 0.950
179 378 0.660
179 402 0.596
179 527 0.234
179 695 0.909
179 768 0.170
180 299 0.418
180 329 0.101
180 383 0.767
180 406 0.323
180 455 0.008
180 613 0.493
180 783 0.004
180 856 0.700
180 951 0.786
181 206 0.645
181 215 0.120
181 539 0.293
181 828 0.891
181 905 0.296
182 366 0.247
182 390 0.621
182 434 0.972
182 455 0.056
182 721 0.990
182 749 0.417
182 846 0.047
182 884 0.254
182 923 0.260
183 292 0.923
183 450 0.176
183 677 0.902
183 745 0.674
183 945 0.787
184 680 0.657
184 716 0.273
184 740 0.424
184 746 0.130
184 752 0.249
184 788 0.629
184 964 0.403
185 275 0.269
185 281 0.410
185 302 0.776
185 415 0.907
185 475 0.800
185 499 0.220
185 639 0.512
185 645 0.434
185 791 0.379
185 866 0.496
186 392 0.484
186 445 0.200
186 466 0.092
186 538 0.344
186 677 0.765
186 756 0.272
187 206 0.589
187 214 0.641
187 232 0.230
187 304 0.400
187 340 0.575
187 361 0.230
187 431 0.034
187 499 0.167
187 528 0.267
187 563 0.715
187 566 0.162
187 705 0.253
187 707 0.838
188 394 0.531
188 421 0.093
188 434 0.302
188 471 0.210
188 561 0.807
189 296 0.612
189 421 0.552
189 472 0.788
189 498 0.829
189 570 0.154
189 682 0.662
189 767 0.069
189 868 0.488
189 877 0.189
190 243 0.879
190 365 0.872
190 403 0.192
190 425 0.200
190 465 0.539
190 508 0.813
190 831 0.075
190 931 0.952
190 989 0.379
191 206 0.346
191 276 0.211
191 341 0.303
191 365 0.374
191 414 0.624
191 480 0.007
191 604 0.952
191 619 0.792
191 714 0.644
191 739 0.936
191 747 0.982
191 766 0.349
191 870 0.636
192 222 0.723
192 258 0.565
192 633 0.935
192 702 0.171
192 982 0.716
193 279 0.403
193 321 0.629
193 459 0.358
193 556 0.548
193 764 0.981
193 802 0.050
193 807 0.905
193 915 0.910
194 263 0.297
194 296 0.435
194 361 0.578
194 615 0.276
194 667 0.099
194 688 0.577
194 825 0.251
194 855 0.431
194 904 0.231
194 910 0.426
195 197 0.217
195 333 0.976
195 442 0.613
195 460 0.360
195 477 0.267
195 658 0.694
195 850 0.857
196 203 0.033
196 231 0.566
196 268 0.530
196 585 0.341
196 949 0.591
196 985 0.541
197 235 0.868
197 267 0.620
197 301 0.156
197 335 0.183
197 426 0.252
197 478 0.877
197 852 0.322
197 883 0.311
197 994 0.527
198 201 0.761
198 285 0.033
198 399 0.442
198 485 0.735
198 636 0.112
198 693 0.205
198 765 0.821
198 911 0.785
199 213 0.317
199 403 0.093
199 431 0.261
199 452 0.460
199 501 0.948
199 565 0.715
199 653 0.190
199 910 0.780
199 939 0.814
199 958 0.470
200 226 0.639
200 345 0.306
200 351 0.380
200 362 0.096
200 643 0.109
200 665 0.518
200 675 0.450
200 766 0.806
200 772 0.467
201 249 0.605
201 263 0.341
201 345 0.286
201 373 0.683
201 553 0.913
201 670 0.130
201 914 0.444
201 984 0.524
202 205 0.655
202 290 0.166
202 326 0.747
202 563 0.133
202 724 0.916
202 770 0.818
202 842 0.874
202 908 0.561
202 917 0.029
202 919 0.881
202 927 0.698
202 953 0.590
202 958 0.926
203 504 0.660
203 653 0.379
203 755 0.882
203 790 0.415
203 838 0.189
204 219 0.172
204 241 0.614
204 420 0.928
204 523 0.579
204 548 0.052
204 590 0.307
204 675 0.833
204 695 0.770
204 807 0.698
204 837 0.296
205 206 0.661
205 280 0.064
205 284 0.287
205 341 0.244
205 420 0.924
205 523 0.202
205 572 0.710
205 592 0.099
205 666 0.013
205 673 0.764
205 745 0.300
205 808 0.275
205 949 0.944
206 214 0.441
206 274 0.482
206 351 0.154
206 462 0.000
206 590 0.390
206 665 0.266
206 814 0.939
206 819 0.738
206 955 0.487
206 985 0.601
207 291 0.198
207 378 0.946
207 488 0.216
207 496 0.390
207 630 0.095
207 652 0.851
207 716 0.692
207 804 0.365
207 879 0.529
207 922 0.796
207 947 0.022
208 329 0.233
208 449 0.948
208 783 0.720
209 246 0.898
209 266 0.229
209 314 0.757
209 369 0.949
209 530 0.158
209 534 0.091
209 605 0.002
209 803 0.798
209 805 0.614
209 865 0.775
209 996 0.035
210 586 0.923
210 663 0.868
210 664 0.254
210 749 0.093
210 755 0.732
210 821 0.337
210 915 0.785
210 926 0.420
210 983 0.009
210 998 0.618
211 235 0.736
211 345 0.168
211 790 0.327
212 332 0.089
212 454 0.848
212 492 0.516
212 539 0.313
212 543 0.454
212 603 0.993
212 622 0.316
212 674 0.719
212 867 0.943
212 924 0.224
212 973 0.259
212 983 0.179
212 993 0.416
212 997 0.709
213 311 0.322
213 387 0.404
213 575 0.727
213 647 0.875
213 722 0.743
213 921 0.725
213 973 0.039
214 442 0.401
214 703 0.560
214 762 0.033
214 844 0.216
214 911 0.313
214 934 0.004
214 973 0.996
215 216 0.367
215 393 0.160
215 411 0.507
215 449 0.141
215 759 0.509
215 796 0.202
215 857 0.714
215 965 0.505
216 333 0.132
216 409 0.618
216 478 0.568
216 616 0.736
216 724 0.082
216 768 0.101
216 795 0.782
216 818 0.455
216 859 0.264
216 881 0.061
216 980 0.336
217 266 0.609
217 326 0.643
217 409 0.902
217 537 0.598
217 578 0.937
217 589 0.039
217 765 0.449
217 774 0.870
217 808 0.311
217 909 0.584
217 999 0.335
218 336 0.311
218 441 0.147
218 465 0.051
218 570 0.025
218 982 0.810
219 231 0.102
219 277 0.084
219 312 0.581
219 336 0.401
219 780 0.763
219 822 0.135
219 893 0.286
219 982 0.035
220 235 0.319
220 258 0.655
220 426 0.073
220 445 0.924
220 468 0.404
220 524 0.327
220 537 0.900
220 595 0.213
220 624 0.076
220 659 0.489
220 752 0.144
220 982 0.689
221 297 0.013
221 357 0.389
221 458 0.117
221 499 0.803
221 612 0.390
221 639 0.730
221 774 0.485
221 891 0.602
221 944 0.345
221 973 0.600
222 274 0.994
222 316 0.531
222 371 0.361
222 445 0.737
222 515 0.154
222 585 0.673
222 600 0.955
222 625 0.198
222 628 0.149
222 713 0.323
222 727 0.710
222 760 0.244
222 833 0.766
222 861 0.374
222 899 0.059
222 954 0.351
223 353 0.712
223 383 0.251
223 396 0.067
223 901 0.805
223 973 0.975
224 349 0.814
224 387 0.480
224 622 0.401
224 709 0.200
224 799 0.434
224 817 0.261
225 343 0.471
225 416 0.502
225 625 0.564
225 698 0.651
225 802 0.532
225 861 0.855
225 937 0.443
226 453 0.539
226 669 0.636
226 720 0.689
226 996 0.088
227 381 0.146
227 430 0.554
227 643 0.414
227 734 0.654
227 780 0.972
227 967 0.413
228 264 0.426
228 289 0.541
228 436 0.871
228 764 0.987
229 230 0.637
229 241 0.679
229 301 0.509
229 342 0.856
229 415 0.669
229 645 0.642
229 848 0.447
229 901 0.366
229 977 0.550
230 277 0.063
230 405 0.264
230 542 0.616
230 713 0.887
230 790 0.450
230 851 0.166
230 871 0.280
230 919 0.849
230 964 0.685
231 249 0.498
231 360 0.097
231 385 0.659
231 662 0.317
231 694 0.020
231 702 0.361
231 737 0.458
231 751 0.313
231 969 0.042
232 393 0.382
232 433 0.040
232 516 0.113
232 528 0.620
232 585 0.553
232 649 0.683
232 695 0.215
232 711 0.890
232 922 0.019
232 965 0.259
233 256 0.869
233 431 0.158
233 555 0.440
233 579 0.442
233 692 0.270
233 813 0.888
234 546 0.717
234 565 0.595
234 579 0.158
234 643 0.753
234 755 0.183
234 869 0.741
234 937 0.064
234 940 0.679
235 390 0.691
235 549 0.619
235 617 0.271
235 638 0.033
235 671 0.953
235 990 0.669
236 286 0.721
236 554 0.262
236 806 0.652
236 807 0.329
236 893 0.519
237 288 0.648
237 488 0.496
237 626 0.650
237 712 0.636
237 828 0.914
237 842 0.786
237 853 0.885
237 943 0.237
237 962 0.941
237 984 0.371
238 243 0.058
238 292 0.894
239 432 0.716
239 475 0.398
239 491 0.725
239 541 0.788
239 588 0.875
239 665 0.400
239 721 0.274
239 793 0.885
239 812 0.408
239 949 0.150
240 269 0.478
240 465 0.072
240 520 0.968
240 609 0.675
240 655 0.651
240 680 0.035
240 713 0.386
240 761 0.710
241 287 0.157
241 324 0.207
241 362 0.669
241 486 0.033
241 533 0.306
241 621 0.249
241 703 0.956
241 724 0.486
241 842 0.428
241 942 0.643
242 287 0.205
242 395 0.689
242 434 0.668
242 458 0.960
242 534 0.487
242 545 0.774
242 686 0.606
242 947 0.666
243 248 0.695
243 386 0.271
243 547 0.389
243 621 0.344
243 752 0.945
243 936 0.861
244 378 0.803
244 490 0.305
244 628 0.895
244 655 0.867
244 804 0.902
244 814 0.812
244 844 0.600
244 991 0.475
245 282 0.541
245 447 0.663
245 449 0.561
245 459 0.878
245 561 0.620
245 707 0.047
245 728 0.223
245 816 0.523
245 939 0.281
245 982 0.846
246 348 0.516
246 368 0.709
246 532 0.697
246 645 0.304
246 649 0.113
246 726 0.161
246 774 0.482
246 824 0.775
246 908 0.538
246 972 0.267
246 978 0.410
247 288 0.596
247 344 0.493
247 521 0.061
247 660 0.702
247 832 0.926
248 399 0.092
248 604 0.774
248 965 0.780
249 287 0.553
249 347 0.498
249 480 0.026
249 494 0.220
249 585 0.977
249 637 0.079
249 772 0.073
249 782 0.792
250 283 0.346
250 312 0.924
250 340 0.164
250 732 0.026
251 408 0.458
251 419 0.215
251 484 0.243
251 595 0.559
251 870 0.970
251 983 0.321
251 985 0.112
252 259 0.342
252 268 0.417
252 394 0.699
252 402 0.155
252 504 0.730
252 704 0.625
253 508 0.200
253 526 0.558
253 629 0.094
253 748 0.112
253 908 0.953
253 922 0.379
254 497 0.398
254 615 0.925
254 633 0.621
254 658 0.580
254 719 0.732
254 985 0.021
255 355 0.694
255 405 0.594
255 436 0.187
255 441 0.762
255 588 0.429
255 801 0.653
255 810 0.127
255 836 0.740
255 848 0.248
255 889 0.553
256 359 0.431
256 367 0.213
256 397 0.370
256 415 0.691
256 454 0.946
256 503 0.689
256 552 0.900
256 622 0.297
256 626 0.558
256 723 0.000
256 783 0.734
256 817 0.483
257 356 0.608
257 400 0.887
257 407 0.180
257 562 0.511
257 610 0.551
257 769 0.005
257 795 0.650
258 457 0.041
258 725 0.028
258 770 0.538
258 881 0.537
258 972 0.085
258 977 0.570
259 267 0.410
259 286 0.756
259 438 0.550
259 485 0.559
259 491 0.299
259 653 0.640
260 428 0.559
260 444 0.431
260 525 0.400
260 547 0.857
260 569 0.884
260 674 0.312
260 949 0.273
260 975 0.376
261 283 0.056
261 341 0.012
261 421 0.372
261 569 0.172
261 672 0.152
261 703 0.607
262 414 0.402
262 559 0.172
262 638 0.567
262 661 0.669
262 845 0.225
262 955 0.353
263 387 0.870
263 398 0.993
263 518 0.827
263 559 0.241
263 601 0.842
263 680 0.079
263 774 0.036
263 969 0.145
264 288 0.837
264 515 0.699
264 518 0.698
264 800 0.444
264 824 0.469
264 864 0.222
264 928 0.986
264 981 0.962
264 997 0.655
265 450 0.289
265 598 0.065
265 728 0.926
265 787 0.475
266 278 0.233
266 459 0.404
266 629 0.179
266 831 0.275
267 510 0.577
267 523 0.881
267 566 0.010
267 913 0.915
268 286 0.841
268 729 0.576
268 906 0.740
268 944 0.663
269 328 0.832
269 536 0.148
269 560 0.497
269 687 0.461
269 836 0.732
269 889 0.565
269 898 0.455
269 914 0.070
269 941 0.251
270 271 0.290
270 282 0.739
270 461 0.877
270 532 0.498
270 814 0.504
270 994 0.437
271 360 0.832
271 574 0.498
271 671 0.951
271 734 0.777
271 990 0.060
272 320 0.345
272 474 0.633
272 569 0.278
272 753 0.561
272 791 0.359
272 815 0.947
272 946 0.558
272 970 0.406
273 345 0.373
273 390 0.962
273 681 0.302
273 824 0.888
273 886 0.892
274 294 0.562
274 441 0.854
274 472 0.029
274 555 0.300
274 615 0.550
275 286 0.120
275 293 0.194
275 342 0.324
275 394 0.981
275 429 0.530
275 619 0.195
275 671 0.017
275 832 0.876
275 892 0.634
276 563 0.043
276 583 0.370
276 607 0.002
276 640 0.813
276 787 0.656
276 800 0.233
276 880 0.909
276 924 0.324
276 927 0.551
277 279 0.884
277 366 0.570
277 466 0.998
277 612 0.801
277 764 0.600
277 843 0.522
277 948 0.133
278 321 0.668
278 328 0.756
278 329 0.851
278 384 0.955
278 731 0.290
279 406 0.513
279 506 0.821
279 732 0.924
279 743 0.113
279 787 0.081
279 820 0.689
280 485 0.117
280 724 0.459
280 805 0.165
280 884 0.481
281 379 0.573
281 410 0.050
281 492 0.856
281 551 0.257
281 610 0.453
281 773 0.240
281 777 0.628
281 952 0.691
281 976 0.134
282 426 0.365
282 463 0.676
282 591 0.513
282 701 0.810
282 751 0.590
283 286 0.316
283 460 0.726
283 466 0.716
283 750 0.909
283 853 0.454
283 857 0.627
283 929 0.518
284 300 0.972
284 341 0.914
284 381 0.313
284 443 0.876
284 487 1.000
284 505 0.017
284 553 0.204
284 620 0.814
284 652 0.158
284 794 0.141
284 818 0.799
284 823 0.701
284 986 0.407
284 988 0.852
285 407 0.230
285 416 0.023
285 648 0.909
285 829 0.978
286 314 0.425
286 673 0.519
286 739 0.105
286 781 0.796
286 798 0.067
286 885 0.401
286 897 0.006
286 995 0.188
287 398 0.823
287 556 0.233
287 631 0.485
287 649 0.430
287 792 0.278
287 835 0.694
288 321 0.012
288 570 0.878
288 748 0.171
289 303 0.735
289 360 0.641
289 408 0.689
289 770 0.532
289 783 0.895
289 842 0.310
289 928 0.878
290 337 0.060
290 588 0.351
290 604 0.636
290 735 0.068
290 756 0.828
290 832 0.966
290 921 0.168
291 403 0.584
291 499 0.981
291 525 0.213
291 604 0.153
291 608 0.197
291 684 0.254
291 770 0.299
291 822 0.797
291 894 0.782
291 924 0.708
292 342 0.719
292 423 0.707
292 442 0.165
292 462 0.542
292 517 0.732
292 538 0.951
292 710 0.546
292 713 0.518
293 319 0.080
293 332 0.690
293 345 0.605
293 372 0.709
293 393 0.681
293 410 0.766
293 515 0.755
293 536 0.799
293 563 0.394
293 602 0.200
293 902 0.360
293 920 0.319
293 944 0.230
293 964 0.007
294 333 0.974
294 388 0.693
294 544 0.545
294 566 0.008
294 658 0.473
294 674 0.195
294 722 0.859
294 764 0.490
294 974 0.278
295 356 0.603
295 418 0.571
295 670 0.946
295 782 0.702
295 799 0.283
295 879 0.846
295 901 0.470
295 936 0.787
296 505 0.720
296 573 0.985
296 653 0.369
296 658 0.824
296 777 0.621
296 811 0.681
296 835 0.249
296 908 0.116
296 968 0.339
297 422 0.569
297 492 0.785
297 625 0.534
297 627 0.935
297 806 0.293
297 826 0.457
297 906 0.052
297 979 0.010
297 994 0.635
298 385 0.839
298 480 0.516
298 487 0.296
298 527 0.808
298 688 0.102
298 928 0.370
298 962 0.423
299 451 0.956
299 500 0.949
299 605 0.293
299 626 0.834
299 681 0.616
299 910 0.220
300 323 0.285
300 337 0.690
300 381 0.815
300 449 0.645
300 450 0.791
300 540 0.325
300 694 0.054
300 966 0.923
301 330 0.353
301 387 0.117
301 415 0.858
301 477 0.091
301 523 0.516
301 576 0.253
301 595 0.445
301 636 0.856
301 776 0.066
301 868 0.090
302 317 0.564
302 532 0.273
302 557 0.576
302 664 0.459
302 741 0.204
302 760 0.512
302 939 0.887
302 952 0.919
303 307 0.761
303 397 0.506
303 454 0.260
303 479 0.004
303 590 0.445
303 677 0.617
303 720 0.200
303 902 0.345
304 486 0.668
304 500 0.641
304 949 0.818
305 369 0.451
305 373 1.000
305 378 0.832
305 915 0.006
306 461 0.429
306 600 0.787
306 810 0.342
306 835 0.263
306 880 0.292
306 956 0.726
307 445 0.392
307 893 0.108
307 923 0.261
308 354 0.067
308 390 0.390
308 524 0.212
308 631 0.984
308 732 0.493
308 805 0.037
308 860 0.902
308 874 0.228
308 946 0.495
309 331 0.476
309 362 0.444
309 382 0.463
309 386 0.989
309 427 0.607
309 763 0.280
309 830 0.158
309 844 0.354
309 920 0.153
309 979 0.693
310 323 0.371
310 422 0.241
310 530 0.764
310 662 0.331
310 736 0.923
310 890 0.225
311 336 0.629
311 469 0.922
311 499 0.745
311 606 0.768
311 673 0.750
311 688 0.102
311 740 0.930
311 916 0.883
312 341 0.649
312 360 0.207
312 532 0.339
312 573 0.623
312 700 0.677
312 760 0.261
312 900 0.607
313 558 0.718
313 579 0.461
313 611 0.898
313 619 0.968
313 757 0.528
313 777 0.311
313 812 0.850
313 839 0.947
313 919 0.348
314 444 0.234
314 953 0.811
314 955 0.413
314 959 0.026
315 447 0.313
315 530 0.146
315 572 0.298
315 596 0.061
315 813 0.968
315 905 0.957
316 453 0.408
316 606 0.993
316 717 0.072
316 861 0.673
316 963 0.774
317 576 0.950
317 686 0.399
317 866 0.050
317 877 0.733
318 396 0.366
318 463 0.687
318 505 0.437
318 760 0.040
318 917 0.538
318 969 0.084
319 352 0.013
319 396 0.446
319 426 0.723
319 463 0.988
319 508 0.934
319 546 0.095
319 684 0.029
319 779 0.679
319 831 0.660
319 882 0.101
319 903 0.241
320 467 0.983
320 472 0.178
320 539 0.694
320 714 0.497
320 745 0.252
320 756 0.252
320 900 0.500
320 917 0.725
320 984 0.118
321 362 0.615
321 631 0.317
321 681 0.153
321 813 0.214
321 822 0.956
322 607 0.368
322 616 0.644
322 638 0.532
322 686 0.936
322 755 0.365
322 966 0.548
323 396 0.366
323 444 0.963
323 523 0.727
323 533 0.584
323 796 0.218
324 382 0.527
324 384 0.150
324 537 0.268
324 601 0.523
324 605 0.781
324 761 0.616
324 797 0.413
324 916 0.530
325 604 0.789
325 633 0.250
325 656 0.655
325 782 0.598
325 835 0.860
325 838 0.665
325 907 0.946
326 454 0.172
326 482 0.079
326 536 0.759
326 563 0.362
326 618 0.413
326 626 0.427
326 648 0.883
326 707 0.479
326 831 0.483
326 896 0.145
326 973 0.629
326 985 0.859
327 347 0.168
327 396 0.059
327 469 0.754
327 575 0.045
327 831 0.031
327 883 0.175
327 983 0.458
328 412 0.092
328 494 0.620
328 616 0.170
328 733 0.634
328 879 0.858
329 378 0.402
329 396 0.621
329 402 0.996
329 404 0.513
329 612 0.047
329 667 0.340
329 733 0.852
329 932 0.140
329 950 0.641
329 998 0.025
330 361 0.852
330 460 0.737
330 491 0.604
330 686 0.492
330 808 0.760
330 889 0.362
330 928 0.747
331 342 0.973
331 542 0.421
331 595 0.431
331 668 0.450
331 981 0.077
332 425 0.793
332 428 0.808
332 560 0.373
332 985 0.942
333 340 0.309
333 416 0.099
333 544 0.774
333 711 0.017
333 771 0.683
333 896 0.769
333 947 0.116
333 988 0.046
334 381 0.087
334 411 0.596
335 423 0.299
335 488 0.257
335 579 0.897
335 643 0.376
335 672 0.702
335 685 0.436
335 719 0.386
335 771 0.651
335 861 0.063
335 883 0.929
336 633 0.264
336 646 0.102
336 744 0.791
336 755 0.781
336 825 0.108
336 941 0.599
337 455 0.491
337 482 0.079
337 522 0.305
337 728 0.065
337 775 0.341
337 892 0.794
338 432 0.146
338 727 0.545
338 873 0.769
338 912 0.797
339 350 0.196
339 635 0.793
339 758 0.029
339 856 0.387
340 436 0.102
340 525 0.383
341 433 0.848
341 602 0.266
341 780 0.041
341 902 0.400
341 971 0.695
342 552 0.593
342 580 0.564
342 663 0.987
342 680 0.349
342 696 0.645
342 721 0.261
342 726 0.713
342 740 0.669
342 871 0.919
342 889 0.508
342 909 0.068
343 365 0.994
343 545 0.680
343 659 0.980
343 665 0.076
343 786 0.716
343 904 0.936
344 388 0.002
344 420 0.528
344 606 0.672
344 682 0.437
344 756 0.285
344 950 0.391
345 393 0.208
345 457 0.917
345 467 0.085
345 597 0.187
345 814 0.436
345 986 0.199
346 526 0.008
346 589 0.076
346 628 0.374
346 992 0.392
347 389 0.271
347 548 0.101
347 565 0.202
347 577 0.101
347 690 0.933
347 756 0.559
347 780 0.207
347 804 0.734
348 511 0.429
348 712 0.099
348 826 0.076
348 880 0.796
348 910 0.662
348 923 0.067
349 515 0.166
349 625 0.241
349 707 0.516
349 711 0.360
349 758 0.535
349 926 0.377
349 979 0.598
350 376 0.921
350 390 0.547
350 493 0.433
350 659 0.023
350 797 0.470
350 829 0.759
350 847 0.939
350 869 0.450
350 962 0.096
350 971 0.707
351 387 0.913
351 440 0.279
351 478 0.646
351 591 0.933
351 593 0.023
351 653 0.776
351 882 0.208
351 940 0.489
351 951 0.268
351 985 0.805
352 371 0.373
352 446 0.393
352 514 0.899
352 540 0.739
352 668 0.044
352 689 0.858
353 439 0.181
353 610 0.920
353 677 0.168
353 839 0.058
353 911 0.348
353 992 0.891
354 665 0.694
355 365 0.093
355 432 0.542
355 606 0.329
355 652 0.178
355 707 0.530
355 792 0.089
355 861 0.557
355 877 0.801
355 912 0.233
356 570 0.254
356 625 0.899
356 639 0.054
356 739 0.271
356 894 0.829
356 922 0.835
357 441 0.880
357 495 0.807
357 603 0.125
357 641 0.321
357 818 0.470
357 930 0.949
358 450 0.937
358 494 0.881
358 798 0.916
358 819 0.714
358 869 0.987
358 911 0.898
359 553 0.320
359 599 0.780
359 694 0.839
359 729 0.565
359 760 0.216
360 499 0.462
360 545 0.117
360 814 0.445
360 822 0.098
360 882 0.334
360 993 0.929
360 997 0.338
361 389 0.727
361 521 0.754
361 537 0.008
361 607 0.550
361 639 0.599
361 687 0.763
361 690 0.999
361 777 0.099
361 930 0.280
362 466 0.786
362 490 0.557
362 537 0.384
362 742 0.677
362 824 0.547
362 887 0.836
363 439 0.826
363 445 0.921
363 447 0.407
363 473 0.648
363 595 0.166
363 625 0.215
363 761 0.608
363 819 0.844
363 899 0.439
364 458 0.995
364 737 0.397
364 799 0.429
364 852 0.068
364 855 0.337
364 956 0.793
365 423 0.499
365 554 0.775
365 877 0.768
365 993 0.056
366 439 0.324
366 514 0.427
366 566 0.807
366 607 0.155
366 702 0.751
366 787 0.774
367 420 0.393
367 499 0.685
367 513 0.577
367 523 0.235
367 558 0.520
367 641 0.263
367 787 0.047
367 937 0.285
368 388 0.123
368 432 0.427
368 543 0.578
368 604 0.933
368 633 0.505
368 981 0.635
369 377 0.653
369 488 0.940
369 509 0.469
369 580 0.376
369 645 0.604
369 995 0.643
370 438 0.326
370 514 0.773
370 568 0.034
370 590 0.928
371 385 0.545
371 407 0.464
371 443 0.199
371 468 0.953
371 700 0.762
371 774 0.501
371 793 0.711
371 873 0.791
371 875 0.349
372 390 0.170
372 421 0.081
372 467 0.699
372 594 0.805
372 722 0.671
372 792 0.932
372 815 0.446
372 828 0.400
372 894 0.604
373 592 0.756
374 424 0.175
374 473 0.407
374 514 0.410
374 798 0.627
374 880 0.990
374 984 0.891
375 499 0.143
375 934 0.766
375 947 0.569
375 954 0.636
375 982 0.622
376 472 0.383
376 608 0.467
376 905 0.275
376 941 0.112
376 965 0.994
376 984 0.976
377 402 0.863
377 504 0.745
377 545 0.133
377 606 0.327
377 714 0.705
377 778 0.280
377 780 0.589
377 815 0.692
378 470 0.176
378 594 0.869
378 653 0.909
378 690 0.406
379 429 0.791
379 440 0.494
379 479 0.981
379 501 0.435
379 762 0.362
379 959 0.009
380 391 0.365
380 406 0.613
380 786 0.474
380 818 0.401
380 819 0.327
380 950 0.346
381 464 0.491
381 635 0.339
381 703 0.868
381 939 0.160
382 402 0.367
382 625 0.109
382 639 0.696
382 670 0.497
382 728 0.079
382 833 0.798
382 861 0.573
382 903 0.226
382 917 0.614
382 966 0.594
383 396 0.689
383 398 0.430
383 558 0.777
383 724 0.524
383 734 0.311
383 851 0.281
383 855 0.140
384 614 0.199
384 736 0.752
384 758 0.253
384 832 0.144
384 863 0.458
384 922 0.477
385 394 0.577
385 410 0.479
385 431 0.869
385 803 0.556
385 840 0.936
385 927 0.768
385 981 0.349
386 518 0.386
386 587 0.842
386 786 0.282
387 677 0.072
387 678 0.776
387 684 0.270
387 690 0.790
387 754 0.284
387 778 0.709
387 788 0.647
387 914 0.882
388 576 0.745
388 605 0.169
388 609 0.479
388 625 0.405
388 680 0.300
388 817 0.054
388 849 0.016
389 443 0.663
389 479 0.638
389 522 0.469
389 536 0.856
389 541 0.246
389 567 0.646
389 606 0.371
389 623 0.980
389 858 0.290
389 914 0.628
389 990 0.417
389 993 0.351
390 409 0.987
390 443 0.409
390 467 0.054
390 494 0.689
390 529 0.769
390 553 0.223
390 592 0.102
390 608 0.822
390 663 0.288
390 674 0.202
390 693 0.527
390 766 0.865
390 814 0.569
390 923 0.414
390 984 0.882
391 532 0.184
391 611 0.280
391 628 0.573
391 724 0.378
391 814 0.378
391 846 0.606
391 907 0.118
391 927 0.647
392 556 0.274
392 571 0.237
392 598 0.433
392 612 0.895
392 683 0.480
392 706 0.140
392 790 0.878
392 846 0.676
392 879 0.091
393 474 0.270
393 535 0.193
393 546 0.084
393 750 0.487
393 791 0.578
393 826 0.143
393 895 0.503
393 968 0.316
393 976 0.898
394 423 0.127
394 499 0.158
394 636 0.382
394 787 0.153
394 814 0.335
394 934 0.841
395 406 0.062
395 424 0.717
395 425 0.286
395 603 0.825
395 795 0.922
395 809 0.090
395 940 0.765
396 680 0.921
397 603 0.901
397 710 0.016
397 766 0.400
397 875 0.076
397 885 0.265
397 909 0.631
397 956 0.842
398 540 0.261
398 564 0.797
398 663 0.867
398 678 0.496
398 794 0.342
398 964 0.971
399 592 0.748
399 608 0.627
399 833 0.008
399 956 0.776
400 555 0.823
400 731 0.400
400 737 0.094
400 849 0.174
400 906 0.358
400 969 0.242
400 975 0.647
401 643 0.664
401 698 0.285
401 835 0.330
401 916 0.162
402 421 0.413
402 426 0.755
402 523 0.794
402 725 0.759
402 955 0.793
403 474 0.449
403 601 0.837
403 648 0.141
403 664 0.140
404 546 0.431
404 704 0.419
404 742 0.346
404 940 0.245
405 501 0.729
405 545 0.030
405 554 0.234
405 750 0.664
405 907 0.160
405 977 0.016
406 699 0.113
406 713 0.250
406 756 0.852
406 787 0.441
406 798 0.180
406 916 0.761
406 918 0.885
406 960 0.122
407 461 0.431
407 599 0.390
407 637 0.902
407 719 0.493
407 793 0.433
407 799 0.175
407 877 0.616
408 431 0.840
408 440 0.407
408 527 0.409
408 733 0.184
408 750 0.475
408 780 0.905
409 420 0.093
409 632 0.828
409 673 0.722
409 784 0.627
409 807 0.774
409 864 0.919
409 992 0.607
410 618 0.073
410 640 0.003
410 907 0.269
410 918 0.029
411 466 0.610
411 574 0.492
411 674 0.816
411 772 0.839
411 790 0.152
411 800 0.665
411 829 0.205
411 930 0.181
411 947 0.413
412 590 0.320
412 791 0.707
412 809 0.082
412 969 0.149
412 991 0.373
413 427 0.597
413 504 0.347
413 697 0.562
413 745 0.114
413 841 0.398
414 636 0.745
414 638 0.862
414 700 0.231
414 705 0.743
414 952 0.644
414 987 0.006
415 593 0.233
415 862 0.467
415 995 0.443
416 511 0.455
416 607 0.438
416 687 0.064
416 751 0.552
416 894 0.719
416 915 0.850
417 440 0.111
417 561 0.603
417 627 0.597
417 658 0.261
417 781 0.768
417 804 0.345
417 928 0.104
417 983 0.856
418 440 0.174
418 543 0.031
418 613 0.329
418 745 0.883
418 751 0.038
418 976 0.970
418 984 0.406
419 504 0.901
419 524 0.718
419 526 0.609
419 641 0.034
419 664 0.095
419 771 0.465
419 832 0.902
419 903 0.240
419 973 0.929
420 471 0.415
420 588 0.331
420 796 0.289
420 826 0.179
420 904 0.571
420 912 0.563
420 930 0.793
421 537 0.243
421 550 0.556
421 595 0.482
421 619 0.013
421 624 0.976
421 795 0.001
421 890 0.550
421 999 0.786
422 487 0.073
422 699 0.525
422 749 0.335
422 769 0.764
422 784 0.322
422 827 0.347
422 863 0.813
422 938 0.753
423 599 0.023
423 777 0.028
424 433 0.659
424 787 0.643
425 471 0.179
425 517 0.999
425 703 0.727
425 714 0.486
425 827 0.588
425 955 0.736
426 491 0.213
426 529 0.351
426 795 0.686
426 956 0.493
427 522 0.698
427 566 0.455
427 572 0.275
427 604 0.583
427 767 0.172
427 850 0.296
427 893 0.498
428 460 0.037
428 523 0.857
428 579 0.214
428 632 0.163
428 658 0.184
428 847 0.281
428 960 0.663
429 444 0.336
429 736 0.459
429 738 0.753
429 875 0.515
429 908 0.145
430 486 0.145
430 553 0.041
430 759 0.745
430 787 0.603
431 479 0.358
431 503 0.394
431 609 0.285
431 634 0.146
431 698 0.924
431 799 0.273
431 876 0.987
432 443 0.105
432 525 0.764
432 638 0.162
432 664 0.895
432 795 0.399
432 806 0.857
433 531 0.647
433 610 0.311
433 678 0.203
433 795 0.229
433 803 0.644
433 805 0.832
433 987 0.196
433 993 0.617
434 579 0.921
434 608 0.673
434 761 0.355
434 820 0.964
434 823 0.851
434 970 0.917
434 979 0.625
435 472 0.283
436 457 0.294
436 486 0.509
436 570 0.084
436 630 0.029
436 633 0.270
436 649 0.524
436 674 0.622
436 763 0.065
436 802 0.035
436 809 0.961
436 836 0.168
437 742 0.356
437 745 0.598
437 804 0.142
437 991 0.934
438 444 0.270
438 535 0.688
438 607 0.618
438 862 0.707
438 985 0.903
439 512 0.223
440 468 0.106
440 532 0.646
440 554 0.454
440 600 0.046
440 702 0.958
440 851 0.201
440 927 0.776
441 489 0.734
441 498 0.457
441 577 0.780
441 581 0.741
441 800 0.727
441 880 0.541
442 496 0.832
442 530 0.086
442 619 0.483
442 774 0.582
442 822 0.301
442 830 0.923
442 831 0.721
442 905 0.284
442 988 0.148
443 449 0.895
444 588 0.220
444 601 0.327
444 609 0.847
444 870 0.436
444 901 0.026
445 488 0.926
445 494 0.287
445 538 0.768
445 585 0.540
445 620 0.333
445 939 0.179
446 524 0.211
446 661 0.698
446 767 0.547
446 784 0.809
446 901 0.014
447 643 0.540
447 705 0.003
448 676 0.656
448 703 0.616
449 464 0.619
449 508 0.494
449 563 0.488
449 646 0.911
449 908 0.005
449 968 0.928
450 659 0.655
450 690 0.815
450 836 0.052
450 955 0.118
451 796 0.120
451 860 0.233
452 503 0.245
452 523 0.232
452 533 0.532
452 614 0.984
452 891 0.698
453 483 0.567
453 560 0.350
453 582 0.872
453 707 0.848
453 873 0.040
453 943 0.912
453 959 0.148
453 978 0.237
453 991 0.604
454 489 0.641
454 529 0.145
454 889 0.378
455 470 0.102
455 548 0.221
455 856 0.273
455 881 0.473
455 939 0.661
455 950 0.721
456 582 0.161
456 609 0.898
456 774 0.192
456 906 0.767
456 963 0.066
457 558 0.477
457 645 0.266
457 686 0.028
457 780 0.395
457 893 0.464
457 975 0.346
458 465 0.906
458 589 0.740
458 637 0.435
458 856 0.626
458 858 0.570
458 935 0.571
459 517 0.761
459 592 0.765
459 717 0.474
459 753 0.550
459 807 0.519
459 852 0.992
459 921 0.155
459 970 0.023
460 579 0.572
460 703 0.132
460 900 0.815
460 971 0.250
461 494 0.066
461 521 0.580
461 655 0.101
461 744 0.999
461 754 0.784
462 685 0.325
462 803 0.459
463 575 0.210
463 629 0.351
463 701 0.926
463 824 0.355
463 891 0.160
464 694 0.585
464 707 0.782
464 733 0.330
464 743 0.425
464 810 0.520
465 515 0.366
465 664 0.117
465 763 0.127
465 814 0.645
466 945 0.242
467 511 0.815
467 671 0.162
467 826 0.651
468 561 0.751
468 704 0.014
469 637 0.359
469 639 0.134
469 722 0.268
469 993 0.836
470 569 0.990
470 691 0.725
470 785 0.528
470 861 0.212
470 895 0.728
471 529 0.187
471 546 0.406
471 714 0.658
471 797 0.060
471 829 0.354
471 873 0.482
471 894 0.532
471 981 0.269
471 985 0.025
472 563 0.979
472 635 0.380
472 715 0.943
472 773 0.838
472 776 0.224
472 919 0.403
473 477 0.112
473 483 0.469
473 484 0.151
473 559 0.130
473 588 0.015
473 613 0.804
475 498 0.582
475 562 0.391
475 731 0.223
475 959 0.868
475 969 0.653
475 987 0.178
476 539 0.630
476 664 0.765
476 919 0.174
477 603 0.435
477 848 0.697
478 506 0.550
478 530 0.016
478 537 0.147
478 617 0.112
478 690 0.877
478 728 0.556
478 921 0.521
479 829 0.581
479 965 0.162
479 994 0.506
480 496 0.443
480 620 0.592
480 631 0.143
480 838 0.368
480 926 0.567
480 930 0.200
480 947 0.771
481 535 0.062
481 578 0.480
481 916 0.921
481 947 0.836
482 573 0.692
482 626 0.312
482 864 0.660
482 954 0.725
482 972 0.307
482 999 0.801
483 503 0.145
483 514 0.440
483 556 0.771
483 590 0.462
483 619 0.264
483 682 0.342
483 735 0.315
483 742 0.081
484 507 0.026
484 685 0.084
484 976 0.037
485 655 0.644
485 754 0.233
485 856 0.746
485 865 0.320
485 938 0.431
486 563 0.242
486 633 0.506
486 669 0.547
486 671 0.217
486 742 0.535
486 980 0.794
487 515 0.805
487 536 0.256
487 551 0.886
487 598 0.577
487 717 0.859
487 884 0.900
488 747 0.645
488 751 0.413
489 499 0.070
489 682 0.939
489 690 0.405
489 705 0.208
489 738 0.409
490 507 0.908
490 610 0.350
490 689 0.996
490 839 0.893
490 850 0.552
490 903 0.887
490 962 0.002
491 645 0.427
491 713 0.633
491 849 0.881
492 493 0.046
492 536 0.240
492 597 0.030
492 788 0.189
492 828 0.658
492 943 0.161
492 967 0.490
493 681 0.801
493 704 0.253
493 740 0.109
493 836 0.020
493 930 0.963
494 578 0.982
494 660 0.102
494 706 0.175
494 884 0.421
495 701 0.880
495 833 0.547
495 843 0.437
495 850 0.945
495 961 0.845
497 537 0.344
497 546 0.020
497 855 0.376
497 895 0.456
498 601 0.216
498 652 0.900
498 661 0.769
498 786 0.332
498 915 0.864
498 958 0.590
499 869 0.288
499 879 0.648
499 985 0.219
500 772 0.816
500 847 0.704
500 969 0.123
500 986 0.817
501 821 0.509
501 902 0.468
502 695 0.564
502 994 0.801
503 506 0.577
503 792 0.351
503 833 0.426
503 873 0.008
503 988 0.076
504 550 0.287
504 599 0.395
504 601 0.543
504 693 0.151
504 749 0.571
504 952 0.823
505 570 0.609
505 698 0.999
505 745 0.280
505 801 0.199
505 802 0.374
505 985 0.247
506 530 0.622
506 622 0.025
506 667 0.497
506 671 0.199
506 694 0.531
506 728 0.157
506 747 0.570
506 820 0.066
507 747 0.099
507 774 0.570
507 959 0.088
507 984 0.757
508 557 0.327
508 578 0.063
508 828 0.133
508 856 0.553
508 860 0.164
508 907 0.309
508 947 0.289
509 562 0.322
509 584 0.868
509 616 0.665
509 656 0.963
509 817 0.082
509 822 0.402
509 830 0.996
509 988 0.470
510 563 0.188
510 582 0.019
510 609 0.196
510 707 0.273
510 797 0.453
510 816 0.979
510 823 0.992
511 519 0.166
511 544 0.080
511 556 0.069
511 631 0.792
511 779 0.562
511 823 0.304
511 836 0.860
511 838 0.624
511 899 0.697
511 905 0.899
513 589 0.093
513 671 0.899
513 881 0.338
513 940 0.825
513 974 0.059
514 564 0.445
514 728 0.509
514 759 0.444
514 797 0.569
515 811 0.652
516 537 0.847
516 868 0.823
516 934 0.129
517 521 0.606
517 537 0.783
517 552 0.382
517 650 0.556
517 708 0.709
517 808 0.936
517 820 0.063
518 635 0.898
518 660 0.541
518 664 0.102
518 788 0.662
518 797 0.373
518 810 0.861
518 845 0.069
518 939 0.136
519 649 0.884
519 838 0.365
519 940 0.124
519 967 0.518
520 543 0.847
520 572 0.785
520 720 0.142
520 870 0.283
520 971 0.819
521 616 0.328
521 667 0.957
521 762 0.530
521 798 0.050
522 831 0.547
522 847 0.411
522 853 0.073
522 905 0.152
522 934 0.045
523 545 0.967
523 885 0.408
523 905 0.792
523 924 0.789
524 741 0.380
524 764 0.017
524 853 0.813
524 970 0.136
525 579 0.360
525 648 0.310
526 659 0.901
526 673 0.969
526 922 0.262
526 927 0.451
527 619 0.107
527 625 0.992
527 816 0.805
527 864 0.409
527 933 0.626
527 935 0.846
527 965 0.623
528 534 0.423
528 575 0.196
528 580 0.493
528 846 0.966
528 909 0.734
529 655 0.767
529 834 0.143
529 876 0.654
529 902 0.674
529 909 0.753
529 931 0.870
529 972 0.516
530 610 0.290
530 612 0.855
530 713 0.928
530 834 0.687
531 678 0.871
531 691 0.491
531 867 0.496
532 668 0.344
532 714 0.179
532 852 0.070
532 970 0.535
533 693 0.012
534 567 0.063
534 744 0.668
534 745 0.618
534 891 0.320
534 914 0.367
535 575 0.209
535 669 0.205
535 949 0.247
536 545 0.746
536 605 0.433
536 751 0.689
536 886 0.807
536 924 0.583
536 928 0.175
537 543 0.324
537 547 0.024
537 552 0.680
537 708 0.186
538 660 0.339
538 964 0.069
539 865 0.966
540 726 0.730
540 964 0.216
541 632 0.092
541 640 0.543
541 825 0.017
541 832 0.382
541 930 0.007
541 944 0.186
541 968 0.344
542 698 0.730
542 721 0.994
542 850 0.670
542 886 0.201
542 923 0.107
543 724 0.192
543 876 0.739
544 600 0.725
544 837 0.697
544 878 0.659
545 658 0.337
545 913 0.944
546 648 0.915
546 732 0.835
546 853 0.985
546 899 0.423
546 983 0.844
547 636 0.722
547 704 0.804
547 754 0.057
547 870 0.551
547 885 0.506
548 658 0.115
548 798 0.295
548 945 0.408
548 984 0.554
548 987 0.513
549 560 0.933
549 647 0.165
549 857 0.194
549 893 0.995
549 963 0.356
549 988 0.179
550 607 0.623
550 608 0.338
550 652 0.286
550 824 0.757
551 768 0.921
551 884 0.005
552 568 0.782
552 616 0.916
552 681 0.815
552 707 0.926
552 722 0.009
552 870 0.837
552 939 0.358
552 949 0.515
552 987 0.764
553 608 0.859
553 853 0.459
554 587 0.275
554 771 0.260
554 806 0.488
554 869 0.206
555 596 0.631
555 737 0.998
555 753 0.650
555 832 0.747
555 899 0.974
555 981 0.075
556 581 0.014
556 628 0.010
556 736 0.009
556 907 0.151
557 577 0.729
557 580 0.134
557 662 0.903
557 749 0.949
558 638 0.837
558 818 0.760
558 902 0.183
558 905 0.091
558 931 0.229
558 964 0.476
559 578 0.209
559 642 0.324
559 676 0.290
559 687 0.172
559 751 0.563
559 765 0.903
559 796 0.032
559 951 0.568
559 994 0.646
560 589 0.870
560 684 0.515
560 755 0.193
560 810 0.394
560 817 0.364
560 894 0.708
561 567 0.145
561 624 0.196
561 715 0.419
561 752 0.835
561 761 0.882
561 902 0.277
561 942 0.317
562 573 0.284
562 592 0.037
563 606 0.510
563 708 0.529
563 923 0.160
563 979 0.885
564 622 0.751
564 625 0.071
564 698 0.966
564 811 0.674
564 851 0.666
564 920 0.644
564 953 0.451
565 631 0.983
565 653 1.000
565 699 0.012
565 724 0.689
565 831 0.052
566 581 0.337
566 842 0.973
567 573 0.816
567 717 0.515
567 850 0.567
568 621 0.580
568 651 0.585
568 858 0.620
569 769 0.233
569 795 0.072
569 800 0.240
569 808 0.542
569 840 0.208
570 673 0.858
570 879 0.728
571 639 0.882
571 814 0.069
571 896 0.489
572 580 0.011
572 663 0.016
572 704 0.887
572 804 0.724
573 695 0.442
573 754 0.595
573 775 0.438
573 973 0.463
574 684 0.674
574 785 0.076
575 583 0.277
575 682 0.527
575 715 0.649
575 944 0.093
576 678 0.562
576 794 0.005
576 802 0.233
576 975 0.124
577 681 0.974
577 683 0.897
577 855 0.097
577 905 0.971
577 946 0.334
577 992 0.865
578 721 0.241
578 730 0.479
578 984 0.918
579 619 0.795
579 803 0.346
579 820 0.841
579 888 0.048
580 594 0.953
580 710 0.423
580 742 0.473
580 755 0.618
580 943 0.571
581 665 0.631
581 861 0.717
581 884 0.692
582 858 0.793
582 902 0.960
582 956 0.299
583 712 0.948
583 713 0.795
583 964 0.161
583 998 0.914
584 590 0.932
584 717 0.537
584 728 0.131
584 805 0.265
584 866 0.152
584 922 0.058
584 937 0.000
584 955 0.902
585 607 0.614
585 667 0.490
585 825 0.427
586 632 0.453
586 724 0.106
586 972 0.017
587 603 0.950
587 653 0.665
587 758 0.706
587 985 0.493
587 994 0.348
588 626 0.453
588 718 0.607
588 909 0.487
589 598 0.510
589 607 0.427
589 679 0.545
589 706 0.077
589 965 0.553
590 679 0.825
590 812 0.983
590 815 0.400
590 869 0.825
591 620 0.608
591 747 0.460
591 760 0.102
591 939 0.216
592 711 0.399
592 876 0.644
592 919 0.434
593 618 0.314
593 820 0.720
593 973 0.907
594 683 0.196
594 756 0.384
594 876 0.147
594 881 0.984
595 625 0.985
595 664 0.835
595 712 0.481
595 953 0.902
596 659 0.910
596 714 0.397
596 891 0.456
596 899 0.916
597 971 0.205
598 809 0.469
598 818 0.851
598 901 0.967
598 939 0.694
598 944 0.170
598 948 0.283
598 960 0.977
598 966 0.548
599 756 0.242
599 789 0.909
599 813 0.631
599 911 0.306
599 948 0.165
599 996 0.072
600 626 0.306
600 662 0.751
600 792 0.695
600 793 0.027
600 949 0.013
601 622 0.046
601 657 0.729
601 677 0.415
601 771 0.017
601 837 0.952
601 843 0.039
601 919 0.955
601 994 0.186
602 762 0.134
602 782 0.854
603 613 0.503
603 661 0.806
603 669 0.231
604 617 0.147
604 788 0.514
604 842 0.531
604 897 0.399
604 973 0.855
605 625 0.443
605 684 0.945
605 911 0.356
605 925 0.987
605 984 0.599
606 753 0.639
606 822 0.797
606 919 0.495
606 954 0.179
607 666 0.023
607 862 0.165
607 911 0.069
608 826 0.047
608 885 0.490
608 899 0.123
609 796 0.158
609 935 0.165
610 858 0.539
610 919 0.914
611 619 0.994
611 645 0.329
611 674 0.222
611 712 0.386
611 739 0.699
611 770 0.097
611 778 0.935
611 886 0.448
611 996 0.261
612 661 0.975
612 674 0.646
612 885 0.499
612 954 0.222
613 900 0.183
614 664 0.539
614 707 0.809
614 805 0.331
614 914 0.931
614 975 0.452
615 652 0.101
615 739 0.816
615 807 0.897
615 902 0.819
615 987 0.797
616 781 0.497
616 907 0.033
617 736 0.207
618 645 0.042
619 628 0.563
619 707 0.683
619 784 0.855
619 831 0.722
619 845 0.622
620 655 0.579
620 885 0.290
621 647 0.714
621 982 0.975
622 707 0.731
622 718 0.843
622 754 0.728
622 764 0.670
622 820 0.147
622 881 0.048
622 980 0.910
623 816 0.070
623 979 0.656
623 980 0.841
624 694 0.833
624 748 0.902
624 777 0.145
624 793 0.739
624 846 0.096
625 712 0.488
625 726 0.472
625 727 0.739
625 795 0.375
625 906 0.210
626 699 0.382
627 825 0.228
627 927 0.748
628 886 0.363
629 640 0.905
629 707 0.869
629 736 0.095
629 792 0.760
630 653 0.273
630 660 0.531
630 754 0.347
630 771 0.521
630 848 0.663
631 655 0.458
631 673 0.060
631 843 0.376
632 716 0.773
632 799 0.284
632 807 0.412
632 830 0.362
633 729 0.577
633 759 0.528
633 771 0.415
633 800 0.068
633 814 0.152
634 653 0.636
634 711 0.876
634 756 0.560
634 808 0.161
634 862 0.572
635 930 0.285
636 693 0.539
636 719 0.100
636 924 0.278
637 639 0.843
637 662 0.836
637 669 0.789
638 641 0.275
638 696 0.701
638 762 0.740
639 833 0.398
640 716 0.325
640 720 0.270
640 919 0.624
640 924 0.154
640 942 0.799
640 943 0.400
640 999 0.319
641 644 0.760
641 752 0.758
641 760 0.806
641 847 0.329
641 895 0.064
641 896 0.502
641 942 0.824
641 954 0.862
642 761 0.245
642 894 0.192
643 705 0.584
643 785 0.358
643 802 0.060
643 847 0.677
643 953 0.568
644 665 0.255
644 930 0.714
644 960 0.196
645 763 0.194
646 723 0.998
646 741 0.710
646 830 0.671
646 834 0.695
646 952 0.284
648 659 0.219
648 872 0.023
648 998 0.942
649 758 0.397
649 770 0.193
649 827 0.118
649 834 0.787
649 843 0.726
649 888 0.069
649 984 0.371
650 751 0.680
650 859 0.722
650 941 0.948
650 987 0.918
650 988 0.099
651 767 0.941
651 813 0.303
651 821 0.251
651 825 0.395
651 874 0.912
651 967 0.806
652 940 0.108
653 705 0.650
653 746 0.078
653 990 0.463
654 758 0.616
654 788 0.547
654 827 0.559
654 859 0.148
655 665 0.773
655 790 0.196
655 806 0.742
655 862 0.820
655 902 0.949
655 922 0.614
656 685 0.732
656 744 0.244
656 835 0.765
656 942 0.280
656 951 0.038
656 968 0.220
657 679 0.760
657 756 0.173
657 771 0.006
658 690 0.713
658 710 0.701
658 815 0.587
658 949 0.392
659 739 0.538
659 768 0.068
659 878 0.463
660 745 0.231
661 688 0.596
661 955 0.309
661 968 0.887
661 979 0.887
662 666 0.671
662 667 0.926
662 673 0.246
663 685 0.167
663 714 0.757
663 717 0.787
663 797 0.118
663 893 0.655
663 982 0.434
664 682 0.250
664 700 0.014
664 958 0.380
666 703 0.266
667 694 0.054
667 936 0.785
667 943 0.704
668 778 0.431
668 824 0.101
668 834 0.460
668 864 0.172
668 930 0.398
669 868 0.477
669 958 0.192
670 681 0.073
670 868 0.700
670 900 0.943
670 905 0.595
671 778 0.468
671 919 0.461
671 944 0.484
671 985 0.656
672 775 0.848
672 810 0.616
672 864 0.384
673 858 0.210
673 986 0.186
674 731 0.985
674 755 0.322
674 789 0.488
674 985 0.653
674 986 0.819
674 990 0.968
676 874 0.432
677 751 0.861
677 755 0.803
677 781 0.186
678 684 0.448
678 768 0.513
678 848 0.141
678 904 0.220
679 841 0.463
679 848 0.575
679 876 0.229
679 896 0.976
679 912 0.276
680 692 0.781
680 706 0.521
680 710 0.550
681 682 0.940
681 718 0.663
681 737 0.501
681 840 0.946
681 869 0.353
682 779 0.530
682 794 0.263
682 942 0.565
682 970 0.960
683 798 0.981
683 996 0.696
684 706 0.542
684 850 0.378
684 877 0.308
684 980 0.067
685 734 0.292
685 803 0.123
685 805 0.794
685 937 0.370
686 833 0.374
686 851 0.658
686 878 0.821
687 744 0.723
687 774 0.669
687 896 0.782
687 926 0.684
688 729 0.347
688 913 0.063
688 948 0.156
689 707 0.003
689 744 0.970
690 768 0.164
690 934 0.914
691 769 0.891
691 930 0.638
692 847 0.176
692 938 0.131
692 957 0.826
693 849 0.962
693 908 0.449
693 935 0.408
694 811 0.272
694 859 0.335
694 942 0.545
695 711 0.445
695 824 0.333
696 762 0.448
696 919 0.295
697 820 0.864
697 833 0.220
697 846 0.466
697 928 0.688
698 747 0.711
698 821 0.810
698 834 0.491
699 824 0.833
699 847 0.569
699 935 0.807
699 984 0.290
700 847 0.465
700 904 0.227
701 785 0.046
701 870 0.278
701 967 0.120
702 713 0.447
702 798 0.447
702 861 0.904
702 895 0.541
702 945 0.693
703 976 0.977
704 757 0.794
704 758 0.358
704 841 0.701
704 856 0.221
704 952 0.921
704 972 0.714
705 763 0.156
705 920 0.772
705 944 0.702
706 716 0.930
706 826 0.206
706 882 0.495
706 978 0.938
707 742 0.569
707 831 0.247
707 947 0.309
707 978 0.315
708 772 0.527
708 868 0.093
709 721 0.410
709 732 0.414
709 750 0.558
709 798 0.109
709 875 0.356
710 768 0.350
710 798 0.457
710 830 0.690
710 965 0.316
711 759 0.845
711 798 0.179
711 901 0.200
711 939 0.609
711 993 0.901
712 720 0.288
712 732 0.484
712 748 0.285
712 914 0.755
712 948 0.001
712 973 0.324
713 723 0.630
713 811 0.701
713 837 0.331
713 920 0.946
714 718 0.005
714 827 0.976
716 965 0.716
717 818 0.669
717 921 0.720
717 985 0.602
718 796 0.541
719 831 0.430
720 896 0.892
720 957 0.561
721 999 0.167
722 992 0.696
722 999 0.589
723 902 0.463
723 964 0.255
723 995 0.034
724 815 0.894
724 886 0.750
725 756 0.929
725 802 0.604
725 862 0.193
726 752 0.531
726 771 0.415
726 829 0.535
726 933 0.245
727 851 0.002
727 981 0.614
728 730 0.855
728 767 0.158
728 850 0.324
728 860 0.652
728 932 0.186
728 959 0.802
729 739 0.653
729 858 0.292
730 755 0.543
730 786 0.471
730 788 0.540
730 952 0.600
731 764 0.810
731 881 0.904
731 892 0.476
731 900 0.108
731 927 0.391
732 762 0.055
733 802 0.642
733 803 0.500
733 870 0.117
733 875 0.320
733 891 0.769
733 906 0.305
734 943 0.931
734 953 0.558
735 778 0.733
735 917 0.547
735 925 0.690
735 962 0.400
735 968 0.967
736 809 0.256
737 739 0.342
737 992 0.667
739 851 0.710
739 936 0.144
739 938 0.343
740 775 0.814
743 959 0.679
744 841 0.193
744 854 0.511
744 887 0.182
744 896 0.694
745 827 0.519
745 954 0.538
745 987 0.696
746 807 0.190
746 837 0.966
746 992 0.983
747 792 0.479
747 833 0.923
747 921 0.196
747 947 0.220
747 959 0.655
748 752 0.310
748 882 0.770
748 993 0.323
749 769 0.617
749 835 0.338
749 857 0.785
749 916 0.917
749 949 0.228
749 971 0.985
749 997 0.623
750 974 0.568
750 978 0.736
751 846 0.666
751 881 0.914
752 849 0.461
752 856 0.893
753 759 0.027
753 797 0.994
753 826 0.644
753 866 0.629
754 756 0.479
754 885 0.750
754 898 0.339
754 913 0.119
754 960 0.350
755 869 0.967
755 872 0.898
755 878 0.633
756 868 0.750
757 774 0.233
758 837 0.138
758 912 0.723
758 916 0.094
759 976 0.833
760 859 0.353
760 913 0.543
760 976 0.945
761 940 0.896
761 957 0.190
762 872 0.515
762 928 0.847
763 960 0.789
764 964 0.675
765 957 0.778
765 961 0.743
766 808 0.559
766 837 0.375
766 883 0.984
766 894 0.244
767 871 0.694
767 919 0.946
767 994 0.891
768 998 0.604
770 857 0.018
770 957 0.379
770 988 0.716
771 793 0.916
771 833 0.720
771 855 0.245
771 942 0.631
772 827 0.144
773 920 0.493
773 921 0.318
774 890 0.711
775 776 0.651
775 975 0.921
777 857 0.611
778 819 0.109
779 846 0.050
779 946 0.855
780 900 0.718
780 972 0.679
781 794 0.059
781 824 0.181
782 798 0.724
782 842 0.882
782 871 0.195
782 984 0.403
783 865 0.158
783 879 0.610
783 974 0.457
784 787 0.384
785 795 0.011
786 815 0.153
786 835 0.899
786 866 0.892
786 905 0.932
787 831 0.236
788 985 0.563
789 899 0.694
790 826 0.446
790 829 0.368
790 838 0.277
790 906 0.499
790 939 0.755
791 794 0.302
791 844 0.883
792 891 0.792
792 948 0.267
792 955 0.310
793 833 0.535
793 834 0.488
794 848 0.957
794 868 0.335
794 870 0.776
794 961 0.922
794 979 0.935
794 985 0.401
796 869 0.616
799 821 0.703
799 928 0.666
799 951 0.230
799 976 0.318
800 904 0.445
800 963 0.981
802 906 0.416
802 926 0.368
802 930 0.506
803 924 0.359
803 930 0.267
803 995 0.874
804 962 0.809
805 858 0.307
805 897 0.740
805 964 0.955
807 923 0.459
808 843 0.829
808 884 0.564
809 918 0.991
809 919 0.531
809 978 0.578
810 924 0.958
810 989 0.601
813 839 0.197
813 885 0.913
813 914 0.287
814 880 0.765
814 893 0.274
815 831 0.395
816 986 0.984
817 943 0.042
817 984 0.867
818 955 0.824
819 827 0.295
820 888 0.567
820 891 0.321
820 928 0.010
820 986 0.203
821 909 0.951
821 989 0.268
821 994 0.451
822 837 0.289
822 862 0.810
823 845 0.693
823 881 0.290
824 835 0.577
824 928 0.796
824 944 0.777
825 993 0.346
826 899 0.939
827 852 0.095
827 909 0.477
828 986 0.290
829 907 0.014
830 834 0.516
830 846 0.067
830 850 0.305
830 883 0.113
830 891 0.286
831 973 0.263
834 928 0.055
836 849 0.877
836 917 0.445
837 935 0.910
837 941 0.903
837 951 0.921
837 989 0.213
838 901 0.988
839 900 0.456
840 898 0.824
840 924 0.546
840 996 0.952
842 910 0.213
843 848 0.160
843 927 0.119
844 901 0.381
844 903 0.187
844 936 0.458
845 880 0.536
845 883 0.768
845 975 0.910
846 971 0.844
847 863 0.491
847 910 0.359
848 939 0.161
848 972 0.615
849 939 0.063
849 950 0.481
849 965 0.578
850 913 0.373
850 938 0.724
852 964 0.345
855 915 0.453
855 928 0.900
856 882 0.105
856 990 0.356
857 875 0.310
857 931 0.699
858 877 0.379
860 926 0.286
861 870 0.862
862 963 0.092
863 931 0.124
864 874 0.663
864 917 0.811
865 925 0.504
866 937 0.057
866 960 0.906
867 947 0.791
869 944 0.670
869 978 0.866
870 976 0.047
871 935 0.198
872 937 0.060
873 945 0.254
873 947 0.833
874 999 0.173
875 914 0.726
876 899 0.211
876 958 0.953
876 972 0.987
878 953 0.228
878 972 0.792
879 949 0.269
880 966 0.241
880 986 0.561
881 890 0.201
881 996 0.889
882 995 0.660
883 977 0.031
885 986 0.915
886 959 0.925
886 972 0.613
888 890 0.170
888 919 0.453
888 978 0.243
889 938 0.263
889 980 0.950
890 928 0.080
891 997 0.642
892 960 0.175
893 982 0.039
894 951 0.863
894 976 0.762
903 916 0.009
904 914 0.274
904 921 0.084
905 925 0.232
906 914 0.946
906 970 0.904
907 948 0.802
907 965 0.401
908 977 0.767
910 989 0.193
911 933 0.125
911 970 0.397
914 930 0.996
915 932 0.460
917 932 0.391
920 941 0.496
922 951 0.188
922 977 0.990
925 976 0.371
931 940 0.776
931 987 0.121
932 937 0.045
933 963 0.735
933 992 0.711
938 974 0.618
940 982 0.606
941 982 0.921
947 975 0.583
951 969 0.540
953 982 0.720
957 962 0.816
959 988 0.745
962 967 0.583
964 995 0.067
965 990 0.534
966 998 0.678
967 977 0.777
970 987 0.702
974 985 0.991
976 998 0.951
978 982 0.361
981 985 0.520
986 991 0.677
988 994 0.631
300
7 618
63 215
98 346
740 20
169 780
297 979
193 764
13 722
309 830
171 843
56 811
11 407
4 977
27 399
98 654
111 742
127 102
32 930
73 826
210 998
99 434
103 678
41 921
24 317
0 943
49 951
283 929
44 410
105 848
14 558
249 494
122 913
118 617
115 197
49 412
615 35
240 269
50 480
123 349
126 753
78 452
32 401
604 325
22 733
43 157
99 561
227 170
287 835
83 714
195 850
3 220
419 251
52 293
10 851
106 122
61 429
32 882
0 393
172 88
413 697
199 565
41 126
45 871
48 223
177 92
127 357
122 944
198 765
50 736
841 26
3 141
77 314
9 590
110 258
28 50
19 499
246 824
118 350
101 489
18 109
8 380
48 413
282 245
39 690
66 45
26 805
2 189
51 743
131 583
169 752
22 250
13 163
246 63
338 130
151 870
18 840
96 578
74 778
102 776
76 204
56 729
46 30
25 135
84 492
291 75
46 153
39 199
40 161
155 459
13 958
177 613
96 464
81 368
197 235
42 173
35 276
47 290
25 671
3 334
54 391
25 694
72 226
50 792
123 206
23 867
88 318
156 184
156 784
58 936
179 402
311 98
347 327
0 691
50 727
112 876
48 839
51 328
2 72
68 878
291 207
355 255
104 874
42 303
125 162
56 139
128 288
121 526
93 151
172 892
58 849
117 991
207 947
133 228
154 853
200 31
235 990
21 51
147 420
15 234
156 996
160 341
55 868
42 581
177 238
38 992
79 36
70 222
10 614
87 512
3 783
398 564
43 316
71 509
67 763
32 970
38 107
50 669
61 425
56 745
45 993
431 634
63 919
167 104
176 708
91 825
60 254
196 585
35 588
284 988
240 520
72 383
11 252
54 706
62 114
13 186
127 440
126 56
89 961
421 550
75 939
222 134
26 900
132 633
233 813
292 517
191 766
58 966
83 154
126 660
641 40
52 196
45 65
41 289
65 71
104 699
98 146
126 702
480 57
59 237
49 123
503 138
247 142
170 659
77 661
3 106
6 552
90 723
38 886
55 488
93 337
28 864
15 446
66 323
8 387
28 800
394 89
62 143
112 497
37 116
55 117
118 935
124 664
94 428
121 392
76 299
94 340
350 339
110 932
34 994
44 83
264 928
302 741
209 530
19 628
25 55
104 518
141 652
116 129
7 819
111 607
62 554
7 739
99 108
105 598
64 451
83 880
30 898
14 647
123 879
176 544
37 964
83 510
123 243
65 648
85 300
545 23
12 804
83 680
139 149
6 760
133 210
89 715
31 586
372 594
185 275
559 642
16 615
141 16
51 847
29 832
74 249
188 169
124 213
6 112
25 304
140 812
47 797
44 136
0 717
68 856
