250
969
0 36 0.141
0 46 0.797
0 85 0.307
0 93 0.601
0 112 0.156
0 157 0.624
0 191 0.000
0 215 0.721
1 26 0.063
1 36 0.867
1 82 0.279
1 83 0.295
1 135 0.061
1 155 0.874
1 183 0.804
1 206 0.974
1 210 0.137
2 24 0.298
2 34 0.167
2 44 0.311
2 102 0.954
2 129 0.163
2 154 0.136
2 203 0.234
2 215 0.609
2 231 0.392
2 232 0.663
2 237 0.334
2 246 0.810
3 99 0.064
3 110 0.121
3 112 0.447
3 135 0.028
3 209 0.695
4 29 0.568
4 59 0.720
4 90 0.453
4 94 0.121
4 111 0.376
4 159 0.333
4 218 0.453
4 238 0.735
5 20 0.808
5 24 0.382
5 37 0.121
5 54 0.277
5 87 0.443
5 205 0.121
5 216 0.919
5 237 0.711
6 113 0.317
6 134 0.573
6 141 0.809
6 164 0.074
6 175 0.734
6 224 0.019
6 226 0.665
7 119 0.987
7 133 0.485
7 170 0.553
7 185 0.926
7 193 0.871
7 195 0.408
7 215 0.446
8 40 0.847
8 81 0.448
8 118 0.660
8 176 0.294
8 200 0.715
8 209 0.781
8 216 0.791
8 220 0.299
9 27 0.421
9 39 0.520
9 77 0.915
9 100 0.226
9 150 0.560
9 201 0.413
9 205 0.961
9 227 0.951
9 247 0.778
10 23 0.180
10 26 0.662
10 41 0.911
10 73 0.885
10 76 0.887
10 105 0.102
10 187 0.477
10 199 0.721
10 211 0.020
11 148 0.853
12 32 0.803
12 81 0.825
12 83 0.189
12 132 0.440
12 133 0.517
12 134 0.267
12 207 0.516
12 217 0.583
13 54 0.304
13 84 0.111
13 108 0.626
13 110 0.241
13 112 0.230
13 113 0.202
13 118 0.340
13 139 0.587
13 153 0.319
13 165 0.016
13 184 0.633
13 235 0.954
13 242 0.512
14 30 0.263
14 34 0.002
14 47 0.931
14 84 0.964
14 120 0.966
14 146 0.398
14 167 0.881
14 172 0.777
14 231 0.578
14 242 0.047
15 35 0.817
15 66 0.175
15 69 0.625
15 103 0.907
15 183 0.986
15 231 0.064
16 21 0.752
16 93 0.540
16 125 0.647
16 151 0.802
16 171 0.431
16 213 0.257
16 217 0.841
16 238 0.747
17 48 0.873
17 81 0.322
17 162 0.550
17 189 0.229
17 193 0.830
17 215 0.076
17 230 0.026
18 27 0.648
18 67 0.562
18 108 0.774
18 226 0.035
18 236 0.478
19 60 0.330
19 61 0.030
19 77 0.642
19 82 0.854
19 121 0.687
19 139 0.551
19 188 0.445
19 199 0.609
20 24 0.814
20 44 0.415
20 51 0.095
20 65 0.760
20 87 0.057
20 154 0.046
20 170 0.963
20 179 0.255
20 214 0.070
21 66 0.928
21 78 0.837
21 170 0.166
21 181 0.552
21 194 0.027
21 234 0.343
21 249 0.483
22 58 0.259
22 74 0.413
22 75 0.934
22 114 0.972
22 199 0.375
22 201 0.096
22 203 0.976
22 208 0.026
22 222 0.052
22 231 0.644
22 233 0.416
23 141 0.395
23 157 0.339
23 186 0.127
23 207 0.601
24 28 0.716
24 76 0.329
24 121 0.440
24 194 0.858
24 195 0.084
24 227 0.470
24 242 0.316
25 43 0.063
25 81 0.530
25 103 0.456
25 112 0.268
25 125 0.715
25 158 0.936
25 185 0.616
25 211 0.242
25 239 0.088
26 88 0.696
26 101 0.043
26 110 0.872
26 128 0.152
26 146 0.015
26 238 0.353
27 91 0.854
27 97 0.780
27 108 0.796
27 142 0.079
27 178 0.550
27 184 0.736
27 187 0.379
28 97 0.014
28 194 0.197
29 36 0.147
29 53 0.991
29 77 0.689
29 176 0.004
29 185 0.805
29 248 0.682
30 62 0.576
30 67 0.562
30 135 0.944
30 163 0.046
30 171 0.429
30 180 0.807
30 192 0.265
30 215 0.369
31 47 0.241
31 71 0.823
31 75 0.052
31 125 0.705
31 128 0.256
31 143 0.669
31 183 0.440
31 193 0.699
31 204 0.189
31 229 0.577
31 243 0.388
31 248 0.963
32 59 0.749
32 65 0.305
32 99 0.428
32 109 0.681
32 149 0.991
32 203 0.648
32 238 0.040
33 75 0.992
33 92 0.882
33 95 0.804
33 112 0.224
33 119 0.002
33 144 0.146
33 184 0.876
33 190 0.027
34 38 0.982
34 62 0.625
34 100 0.959
34 164 0.480
34 187 0.531
34 249 0.009
35 51 0.657
35 73 0.047
35 117 0.607
35 129 0.221
35 241 0.029
36 40 0.729
36 131 0.228
36 141 0.128
36 173 0.130
36 187 0.449
36 216 0.330
36 241 0.840
37 54 0.613
37 131 0.904
38 46 0.478
38 78 0.080
38 91 0.502
38 105 0.877
38 111 0.459
38 206 0.819
39 44 0.301
39 121 0.239
39 145 0.093
39 154 0.411
39 197 0.601
39 202 0.560
39 236 0.379
40 66 0.786
40 80 0.480
40 81 0.054
40 124 0.191
40 173 0.391
40 200 0.775
40 214 0.787
41 60 0.328
41 85 0.213
41 104 0.838
41 110 0.229
41 120 0.480
41 150 0.471
41 223 0.847
41 240 0.869
41 241 0.445
42 74 0.539
42 105 0.686
42 134 0.232
42 161 0.579
42 164 0.820
42 173 0.853
42 207 0.715
42 221 0.071
42 233 0.060
42 239 0.934
42 248 0.912
43 56 0.531
43 105 0.772
43 160 0.614
44 58 0.479
44 105 0.772
44 110 0.496
44 126 0.369
44 130 0.546
44 170 0.359
44 231 0.004
45 55 0.756
45 78 0.432
45 131 0.614
45 145 0.678
45 171 0.811
46 57 0.965
46 92 0.243
46 109 0.403
46 138 0.986
46 141 0.479
46 149 0.427
46 187 0.861
46 233 0.064
46 245 0.364
47 175 0.145
47 245 0.887
48 83 0.755
48 125 0.656
48 145 0.732
48 148 0.775
48 152 0.746
48 198 0.460
48 216 0.999
48 238 0.509
48 249 0.659
49 73 0.925
49 76 0.596
49 178 0.092
49 190 0.200
49 239 0.855
49 248 0.728
50 80 0.955
50 110 0.512
50 128 0.196
50 149 0.297
50 163 0.817
50 176 0.231
50 217 0.525
50 237 0.661
51 66 0.287
51 147 0.061
51 180 0.319
51 238 0.968
52 133 0.823
52 172 0.874
52 180 0.860
52 222 0.814
52 229 0.619
53 62 0.350
53 88 0.094
53 132 0.602
53 143 0.536
53 204 0.983
53 215 0.842
54 58 0.575
54 71 0.185
54 74 0.665
54 150 0.668
54 151 0.733
54 155 0.261
54 191 0.354
54 205 0.356
54 206 0.831
54 210 0.386
54 224 0.036
55 75 0.542
55 105 0.814
55 132 0.730
55 206 0.766
55 233 0.691
56 76 0.695
56 100 0.663
56 127 0.933
56 180 0.680
57 145 0.261
57 179 0.363
57 180 0.821
57 201 0.846
57 218 0.284
57 234 0.927
58 68 0.633
58 70 0.988
58 121 0.729
58 132 0.877
59 89 0.848
59 96 0.129
59 149 0.214
60 76 0.381
60 112 0.431
60 185 0.174
60 191 0.340
60 192 0.115
60 196 0.570
60 249 0.379
61 92 0.470
61 140 0.053
61 174 0.286
61 179 0.884
62 64 0.892
62 65 0.634
62 103 0.104
62 156 0.665
63 71 0.702
63 76 0.220
63 88 0.782
63 132 0.794
63 143 0.462
63 157 0.689
63 178 0.360
63 184 0.646
63 207 0.923
63 242 0.922
64 68 0.994
64 115 0.564
64 174 0.377
65 242 0.710
66 127 0.070
66 136 0.265
66 144 0.616
66 192 0.884
66 194 0.897
66 214 0.849
66 241 0.660
67 130 0.197
67 153 0.301
67 154 0.121
67 204 0.912
67 219 0.245
67 220 0.653
68 90 0.294
68 109 0.882
68 147 0.476
68 170 0.389
68 175 0.624
68 183 0.003
68 214 0.292
68 216 0.371
68 228 0.348
69 74 0.814
69 123 0.977
69 127 0.497
69 220 0.470
70 71 0.108
70 109 0.205
70 117 0.214
70 133 0.884
70 143 0.926
70 152 0.252
70 167 0.091
70 211 0.894
71 83 0.321
71 98 0.971
71 121 0.485
71 134 0.905
71 135 0.048
71 149 0.015
71 157 0.389
72 131 0.889
72 173 0.272
72 181 0.914
72 186 0.372
72 200 0.002
72 209 0.402
72 213 0.540
73 82 0.569
73 94 0.002
73 120 0.612
73 122 0.931
73 213 0.001
74 100 0.428
74 104 0.816
74 122 0.604
74 130 0.005
74 179 0.462
75 77 0.415
75 88 0.046
75 90 0.497
75 120 0.758
75 125 0.442
75 141 0.506
75 162 0.885
75 178 0.509
75 235 0.512
76 84 0.855
76 96 0.760
76 103 0.050
76 169 0.152
76 171 0.884
76 201 0.400
76 239 0.804
77 116 0.882
77 221 0.903
77 243 0.913
78 225 0.204
78 232 0.962
78 246 0.689
79 89 0.920
79 127 0.384
79 169 0.305
79 197 0.854
79 198 0.155
80 138 0.747
81 92 0.969
81 108 0.698
81 178 0.969
81 203 0.731
82 163 0.421
82 185 0.562
82 198 0.956
82 233 0.837
83 98 0.717
83 140 0.667
83 168 0.370
83 192 0.055
83 196 0.127
83 197 0.740
83 204 0.035
83 211 0.073
84 94 0.846
84 132 0.691
84 154 0.434
84 191 0.297
84 202 0.179
85 105 0.311
85 189 0.499
85 244 0.660
86 104 0.406
86 106 0.518
86 118 0.035
86 171 0.604
86 202 0.128
86 207 0.902
86 224 0.374
87 139 0.149
87 181 0.759
87 221 0.110
87 225 0.337
87 232 0.189
88 175 0.697
88 187 0.988
88 193 0.159
89 131 0.175
89 140 0.081
90 184 0.903
90 224 0.048
91 247 0.219
92 136 0.609
92 188 0.581
92 212 0.177
92 224 0.842
92 227 0.237
93 96 0.971
93 105 0.970
93 108 0.647
93 213 0.666
94 139 0.162
94 171 0.317
94 228 0.921
95 101 0.864
95 133 0.914
95 164 0.552
95 193 0.711
95 239 0.611
95 249 0.938
96 110 0.924
96 144 0.262
96 195 0.256
96 196 0.016
96 210 0.192
96 212 0.795
96 220 0.589
97 150 0.484
97 154 0.802
97 184 0.234
97 193 0.296
97 212 0.329
97 239 0.466
98 102 0.296
98 104 0.066
98 116 0.738
98 167 0.241
98 186 1.000
98 219 0.799
98 249 0.624
99 141 0.423
99 179 0.985
99 180 0.426
99 185 0.931
100 128 0.809
100 136 0.939
100 157 0.310
100 170 0.722
100 191 0.850
100 243 0.358
101 144 0.236
101 208 0.825
101 223 0.657
101 246 0.916
101 247 0.411
101 249 0.154
102 152 0.971
102 154 0.609
102 182 0.938
102 184 0.429
102 194 0.356
102 215 0.203
102 246 0.178
103 111 0.580
103 112 0.207
103 118 0.169
103 144 0.181
103 154 0.143
103 164 0.192
103 196 0.061
103 201 0.258
103 208 0.878
104 116 0.490
104 169 0.661
104 247 0.589
105 125 0.309
105 170 0.062
105 198 0.728
105 207 0.813
105 218 0.183
105 232 0.206
106 107 0.699
106 172 0.296
106 177 0.958
106 194 0.650
106 244 0.311
107 131 0.906
107 185 0.483
107 192 0.802
107 202 0.709
107 233 0.154
107 241 0.566
108 111 0.753
108 116 0.931
108 131 0.019
108 162 0.159
108 173 0.647
109 110 0.938
109 144 0.070
109 171 0.132
109 176 0.466
109 184 0.021
109 224 0.654
109 241 0.809
110 130 0.308
110 143 0.897
110 171 0.024
111 152 0.172
111 163 0.446
111 209 0.241
111 234 0.674
111 238 0.834
112 153 0.053
112 161 0.924
112 175 0.513
112 184 0.757
112 198 0.463
112 202 0.472
113 120 0.725
113 144 0.768
113 191 0.036
113 208 0.738
113 230 0.623
114 124 0.646
114 149 0.262
114 187 0.055
115 127 0.761
115 142 0.343
115 155 0.298
115 207 0.546
115 229 0.131
116 122 0.587
116 154 0.652
116 156 0.948
116 211 0.616
116 212 0.461
117 141 0.179
117 187 0.237
117 244 0.194
117 245 0.139
118 145 0.762
118 167 0.715
118 206 0.175
118 230 0.852
119 158 0.479
119 175 0.443
119 199 0.949
120 153 0.528
120 170 0.054
120 179 0.271
120 185 0.089
120 205 0.016
120 228 0.132
121 202 0.815
121 209 0.048
121 218 0.066
122 137 0.509
122 184 0.472
122 200 0.056
122 237 0.241
122 238 0.471
123 125 0.188
123 127 0.063
123 164 0.626
123 167 0.050
123 179 0.992
123 199 0.264
123 204 0.813
123 220 0.058
123 237 0.916
124 129 0.246
124 178 0.786
124 191 0.582
124 246 0.909
125 137 0.786
125 228 0.069
125 235 0.298
126 146 0.870
126 153 0.258
126 177 0.462
126 212 0.669
127 141 0.591
127 164 0.902
127 243 0.937
128 146 0.065
128 160 0.666
128 181 0.165
129 132 0.151
129 137 0.310
129 182 0.612
129 191 0.527
129 192 0.474
129 228 0.016
130 139 0.363
130 142 0.428
131 139 0.517
131 191 0.165
131 214 0.081
131 246 0.694
132 146 0.533
132 212 0.099
132 237 0.963
132 239 0.873
133 178 0.583
133 181 0.601
133 213 0.070
133 229 0.660
134 148 0.318
134 161 0.379
134 163 0.206
134 200 0.292
134 232 0.875
135 148 0.292
135 201 0.990
135 247 0.592
136 179 0.202
136 194 0.374
136 228 0.529
137 244 0.319
138 181 0.819
138 189 0.777
138 204 0.272
138 218 0.635
139 229 0.698
139 238 0.305
139 244 0.976
140 142 0.759
140 202 0.832
140 211 0.378
140 247 0.318
140 248 0.088
141 201 0.343
142 158 0.939
142 184 0.286
142 204 0.445
142 232 0.422
143 173 0.554
143 210 0.346
143 220 0.757
144 146 0.468
144 154 0.174
144 173 0.538
144 187 0.791
144 196 0.515
145 161 0.689
145 197 0.960
145 234 0.025
145 249 0.182
146 157 0.021
146 190 0.416
146 202 0.434
146 237 0.191
147 157 0.686
147 162 0.110
147 170 0.214
147 183 0.205
148 184 0.571
148 203 0.787
150 178 0.325
150 181 0.503
150 201 0.327
151 154 0.054
151 181 0.282
151 202 0.324
151 248 0.437
152 154 0.643
152 159 0.327
152 162 0.304
152 163 0.990
153 157 0.310
153 164 0.161
154 167 0.902
154 172 0.080
154 227 0.758
155 183 0.701
155 212 0.972
155 214 0.297
155 246 0.395
156 164 0.661
156 167 0.346
156 174 0.705
157 160 0.166
157 166 0.436
157 198 0.839
157 213 0.468
158 161 0.265
158 231 0.298
160 174 0.364
160 185 0.898
160 197 0.811
160 236 0.872
160 240 0.786
162 204 0.576
163 191 0.617
163 232 0.386
164 217 0.013
164 223 0.528
164 224 0.621
164 249 0.552
165 214 0.532
166 193 0.723
167 201 0.112
167 224 0.112
167 245 0.936
168 173 0.428
168 223 0.931
169 189 0.242
169 228 0.802
171 181 0.564
174 196 0.360
175 241 0.036
176 190 0.732
176 197 0.019
176 202 0.206
176 223 0.955
176 228 0.520
176 229 0.104
176 235 0.250
177 225 0.312
177 227 0.560
178 180 0.055
178 206 0.447
178 230 0.661
179 247 0.496
179 248 0.466
180 186 0.293
180 192 0.778
181 198 0.137
183 210 0.106
183 229 0.378
183 249 0.602
184 212 0.828
184 215 0.809
185 234 0.410
185 249 0.666
186 200 0.371
186 222 0.500
186 225 0.535
186 233 0.345
188 201 0.293
188 219 0.187
188 222 0.264
189 234 0.435
189 243 0.399
189 247 0.687
190 205 0.255
192 194 0.032
192 246 0.487
193 195 0.573
193 241 0.547
194 242 0.717
195 232 0.369
196 215 0.452
197 216 0.652
198 201 0.629
198 232 0.850
198 247 0.286
199 247 0.909
199 248 0.991
200 219 0.763
200 232 0.824
200 248 0.465
202 208 0.327
203 220 0.083
203 234 0.247
204 211 0.733
204 213 0.202
204 220 0.620
205 207 0.419
205 226 0.459
205 229 0.005
207 210 0.326
207 234 0.136
207 247 0.726
208 222 0.102
210 240 0.470
212 224 0.100
214 240 0.276
215 221 0.076
216 226 0.418
219 245 0.759
220 228 0.322
220 231 0.851
220 235 0.650
220 245 0.670
222 230 0.928
222 244 0.475
225 240 0.907
228 241 0.772
229 241 0.767
231 235 0.209
231 241 0.662
231 249 0.469
232 235 0.084
234 241 0.811
240 248 0.398
50
14 167
9 201
36 1
30 163
1 135
93 16
5 87
14 30
81 25
60 196
0 85
26 10
81 17
30 192
34 38
19 188
10 199
59 89
215 7
31 71
209 8
85 244
21 181
29 53
7 170
13 165
9 27
78 45
47 31
14 146
14 47
148 48
4 111
3 99
12 132
27 91
1 210
76 169
54 13
74 42
68 228
16 171
134 12
6 134
92 212
1 83
25 158
0 215
7 193
31 243
