p cnf 182 8149
1 6 11 16 20 24 27 31 36 41 46 50 54 57 61 65 69 73 76 79 82 86 90 94 98 101 104 107 111 114 117 120 122 124 126 129 132 135 138 140 142 144 147 150 153 156 158 160 162 165 168 171 174 176 178 180 0
2 7 12 17 21 25 28 32 37 42 47 51 55 58 62 66 70 74 77 80 83 87 91 95 99 102 105 108 0
3 8 13 33 38 43 63 67 71 88 92 96 112 115 118 130 133 136 148 151 154 166 169 172 0
4 9 14 18 22 26 29 30 34 39 44 48 52 56 59 60 64 68 72 75 78 81 84 85 89 93 97 100 103 106 109 110 113 116 119 121 123 125 127 128 131 134 137 139 141 143 145 146 149 152 155 157 159 161 163 164 167 170 173 175 177 179 181 182 0
5 10 15 19 23 35 40 45 49 53 0
-1 -2 0
-1 -7 0
-1 -12 0
-1 -32 0
-1 -37 0
-1 -42 0
-6 -2 0
-6 -7 0
-6 -12 0
-6 -17 0
-6 -32 0
-6 -37 0
-6 -42 0
-6 -47 0
-11 -2 0
-11 -7 0
-11 -12 0
-11 -17 0
-11 -21 0
-11 -32 0
-11 -37 0
-11 -42 0
-11 -47 0
-11 -51 0
-16 -7 0
-16 -12 0
-16 -17 0
-16 -21 0
-16 -25 0
-16 -37 0
-16 -42 0
-16 -47 0
-16 -51 0
-16 -55 0
-20 -12 0
-20 -17 0
-20 -21 0
-20 -25 0
-20 -28 0
-20 -42 0
-20 -47 0
-20 -51 0
-20 -55 0
-20 -58 0
-24 -17 0
-24 -21 0
-24 -25 0
-24 -28 0
-24 -47 0
-24 -51 0
-24 -55 0
-24 -58 0
-27 -21 0
-27 -25 0
-27 -28 0
-27 -51 0
-27 -55 0
-27 -58 0
-31 -2 0
-31 -7 0
-31 -12 0
-31 -32 0
-31 -37 0
-31 -42 0
-31 -62 0
-31 -66 0
-31 -70 0
-36 -7 0
-36 -12 0
-36 -17 0
-36 -32 0
-36 -37 0
-36 -42 0
-36 -47 0
-36 -62 0
-36 -66 0
-36 -70 0
-36 -74 0
-41 -12 0
-41 -17 0
-41 -21 0
-41 -32 0
-41 -37 0
-41 -42 0
-41 -47 0
-41 -51 0
-41 -62 0
-41 -66 0
-41 -70 0
-41 -74 0
-41 -77 0
-46 -17 0
-46 -21 0
-46 -25 0
-46 -37 0
-46 -42 0
-46 -47 0
-46 -51 0
-46 -55 0
-46 -66 0
-46 -70 0
-46 -74 0
-46 -77 0
-46 -80 0
-50 -21 0
-50 -25 0
-50 -28 0
-50 -42 0
-50 -47 0
-50 -51 0
-50 -55 0
-50 -58 0
-50 -70 0
-50 -74 0
-50 -77 0
-50 -80 0
-50 -83 0
-54 -25 0
-54 -28 0
-54 -47 0
-54 -51 0
-54 -55 0
-54 -58 0
-54 -74 0
-54 -77 0
-54 -80 0
-54 -83 0
-57 -28 0
-57 -51 0
-57 -55 0
-57 -58 0
-57 -77 0
-57 -80 0
-57 -83 0
-61 -2 0
-61 -7 0
-61 -12 0
-61 -32 0
-61 -37 0
-61 -42 0
-61 -62 0
-61 -66 0
-61 -70 0
-61 -87 0
-61 -91 0
-61 -95 0
-65 -7 0
-65 -12 0
-65 -17 0
-65 -37 0
-65 -42 0
-65 -47 0
-65 -62 0
-65 -66 0
-65 -70 0
-65 -74 0
-65 -87 0
-65 -91 0
-65 -95 0
-65 -99 0
-69 -12 0
-69 -17 0
-69 -21 0
-69 -42 0
-69 -47 0
-69 -51 0
-69 -62 0
-69 -66 0
-69 -70 0
-69 -74 0
-69 -77 0
-69 -87 0
-69 -91 0
-69 -95 0
-69 -99 0
-69 -102 0
-73 -17 0
-73 -21 0
-73 -25 0
-73 -47 0
-73 -51 0
-73 -55 0
-73 -66 0
-73 -70 0
-73 -74 0
-73 -77 0
-73 -80 0
-73 -91 0
-73 -95 0
-73 -99 0
-73 -102 0
-73 -105 0
-76 -21 0
-76 -25 0
-76 -28 0
-76 -51 0
-76 -55 0
-76 -58 0
-76 -70 0
-76 -74 0
-76 -77 0
-76 -80 0
-76 -83 0
-76 -95 0
-76 -99 0
-76 -102 0
-76 -105 0
-76 -108 0
-79 -25 0
-79 -28 0
-79 -55 0
-79 -58 0
-79 -74 0
-79 -77 0
-79 -80 0
-79 -83 0
-79 -99 0
-79 -102 0
-79 -105 0
-79 -108 0
-82 -28 0
-82 -58 0
-82 -77 0
-82 -80 0
-82 -83 0
-82 -102 0
-82 -105 0
-82 -108 0
-86 -2 0
-86 -7 0
-86 -12 0
-86 -32 0
-86 -37 0
-86 -42 0
-86 -62 0
-86 -66 0
-86 -70 0
-86 -87 0
-86 -91 0
-86 -95 0
-90 -7 0
-90 -12 0
-90 -17 0
-90 -37 0
-90 -42 0
-90 -47 0
-90 -66 0
-90 -70 0
-90 -74 0
-90 -87 0
-90 -91 0
-90 -95 0
-90 -99 0
-94 -12 0
-94 -17 0
-94 -21 0
-94 -42 0
-94 -47 0
-94 -51 0
-94 -70 0
-94 -74 0
-94 -77 0
-94 -87 0
-94 -91 0
-94 -95 0
-94 -99 0
-94 -102 0
-98 -17 0
-98 -21 0
-98 -25 0
-98 -47 0
-98 -51 0
-98 -55 0
-98 -74 0
-98 -77 0
-98 -80 0
-98 -91 0
-98 -95 0
-98 -99 0
-98 -102 0
-98 -105 0
-101 -21 0
-101 -25 0
-101 -28 0
-101 -51 0
-101 -55 0
-101 -58 0
-101 -77 0
-101 -80 0
-101 -83 0
-101 -95 0
-101 -99 0
-101 -102 0
-101 -105 0
-101 -108 0
-104 -25 0
-104 -28 0
-104 -55 0
-104 -58 0
-104 -80 0
-104 -83 0
-104 -99 0
-104 -102 0
-104 -105 0
-104 -108 0
-107 -28 0
-107 -58 0
-107 -83 0
-107 -102 0
-107 -105 0
-107 -108 0
-111 -2 0
-111 -7 0
-111 -12 0
-111 -32 0
-111 -37 0
-111 -42 0
-111 -62 0
-111 -66 0
-111 -70 0
-111 -87 0
-111 -91 0
-111 -95 0
-114 -2 0
-114 -7 0
-114 -12 0
-114 -17 0
-114 -37 0
-114 -42 0
-114 -47 0
-114 -66 0
-114 -70 0
-114 -74 0
-114 -91 0
-114 -95 0
-114 -99 0
-117 -2 0
-117 -7 0
-117 -12 0
-117 -17 0
-117 -21 0
-117 -42 0
-117 -47 0
-117 -51 0
-117 -70 0
-117 -74 0
-117 -77 0
-117 -95 0
-117 -99 0
-117 -102 0
-120 -7 0
-120 -12 0
-120 -17 0
-120 -21 0
-120 -25 0
-120 -47 0
-120 -51 0
-120 -55 0
-120 -74 0
-120 -77 0
-120 -80 0
-120 -99 0
-120 -102 0
-120 -105 0
-122 -12 0
-122 -17 0
-122 -21 0
-122 -25 0
-122 -28 0
-122 -51 0
-122 -55 0
-122 -58 0
-122 -77 0
-122 -80 0
-122 -83 0
-122 -102 0
-122 -105 0
-122 -108 0
-124 -17 0
-124 -21 0
-124 -25 0
-124 -28 0
-124 -55 0
-124 -58 0
-124 -80 0
-124 -83 0
-124 -105 0
-124 -108 0
-126 -21 0
-126 -25 0
-126 -28 0
-126 -58 0
-126 -83 0
-126 -108 0
-129 -2 0
-129 -7 0
-129 -12 0
-129 -32 0
-129 -37 0
-129 -42 0
-129 -62 0
-129 -66 0
-129 -70 0
-129 -87 0
-129 -91 0
-129 -95 0
-132 -2 0
-132 -7 0
-132 -12 0
-132 -17 0
-132 -32 0
-132 -37 0
-132 -42 0
-132 -47 0
-132 -66 0
-132 -70 0
-132 -74 0
-132 -91 0
-132 -95 0
-132 -99 0
-135 -2 0
-135 -7 0
-135 -12 0
-135 -17 0
-135 -21 0
-135 -32 0
-135 -37 0
-135 -42 0
-135 -47 0
-135 -51 0
-135 -70 0
-135 -74 0
-135 -77 0
-135 -95 0
-135 -99 0
-135 -102 0
-138 -7 0
-138 -12 0
-138 -17 0
-138 -21 0
-138 -25 0
-138 -37 0
-138 -42 0
-138 -47 0
-138 -51 0
-138 -55 0
-138 -74 0
-138 -77 0
-138 -80 0
-138 -99 0
-138 -102 0
-138 -105 0
-140 -12 0
-140 -17 0
-140 -21 0
-140 -25 0
-140 -28 0
-140 -42 0
-140 -47 0
-140 -51 0
-140 -55 0
-140 -58 0
-140 -77 0
-140 -80 0
-140 -83 0
-140 -102 0
-140 -105 0
-140 -108 0
-142 -17 0
-142 -21 0
-142 -25 0
-142 -28 0
-142 -47 0
-142 -51 0
-142 -55 0
-142 -58 0
-142 -80 0
-142 -83 0
-142 -105 0
-142 -108 0
-144 -21 0
-144 -25 0
-144 -28 0
-144 -51 0
-144 -55 0
-144 -58 0
-144 -83 0
-144 -108 0
-147 -32 0
-147 -37 0
-147 -42 0
-147 -62 0
-147 -66 0
-147 -70 0
-147 -87 0
-147 -91 0
-147 -95 0
-150 -32 0
-150 -37 0
-150 -42 0
-150 -47 0
-150 -62 0
-150 -66 0
-150 -70 0
-150 -74 0
-150 -91 0
-150 -95 0
-150 -99 0
-153 -32 0
-153 -37 0
-153 -42 0
-153 -47 0
-153 -51 0
-153 -62 0
-153 -66 0
-153 -70 0
-153 -74 0
-153 -77 0
-153 -95 0
-153 -99 0
-153 -102 0
-156 -37 0
-156 -42 0
-156 -47 0
-156 -51 0
-156 -55 0
-156 -66 0
-156 -70 0
-156 -74 0
-156 -77 0
-156 -80 0
-156 -99 0
-156 -102 0
-156 -105 0
-158 -42 0
-158 -47 0
-158 -51 0
-158 -55 0
-158 -58 0
-158 -70 0
-158 -74 0
-158 -77 0
-158 -80 0
-158 -83 0
-158 -102 0
-158 -105 0
-158 -108 0
-160 -47 0
-160 -51 0
-160 -55 0
-160 -58 0
-160 -74 0
-160 -77 0
-160 -80 0
-160 -83 0
-160 -105 0
-160 -108 0
-162 -51 0
-162 -55 0
-162 -58 0
-162 -77 0
-162 -80 0
-162 -83 0
-162 -108 0
-165 -62 0
-165 -66 0
-165 -70 0
-165 -87 0
-165 -91 0
-165 -95 0
-168 -62 0
-168 -66 0
-168 -70 0
-168 -74 0
-168 -87 0
-168 -91 0
-168 -95 0
-168 -99 0
-171 -62 0
-171 -66 0
-171 -70 0
-171 -74 0
-171 -77 0
-171 -87 0
-171 -91 0
-171 -95 0
-171 -99 0
-171 -102 0
-174 -66 0
-174 -70 0
-174 -74 0
-174 -77 0
-174 -80 0
-174 -91 0
-174 -95 0
-174 -99 0
-174 -102 0
-174 -105 0
-176 -70 0
-176 -74 0
-176 -77 0
-176 -80 0
-176 -83 0
-176 -95 0
-176 -99 0
-176 -102 0
-176 -105 0
-176 -108 0
-178 -74 0
-178 -77 0
-178 -80 0
-178 -83 0
-178 -99 0
-178 -102 0
-178 -105 0
-178 -108 0
-180 -77 0
-180 -80 0
-180 -83 0
-180 -102 0
-180 -105 0
-180 -108 0
-1 -3 0
-1 -8 0
-1 -13 0
-1 -33 0
-1 -38 0
-1 -43 0
-6 -8 0
-6 -13 0
-6 -38 0
-6 -43 0
-11 -13 0
-11 -43 0
-20 -3 0
-20 -33 0
-24 -3 0
-24 -8 0
-24 -33 0
-24 -38 0
-27 -3 0
-27 -8 0
-27 -13 0
-27 -33 0
-27 -38 0
-27 -43 0
-31 -3 0
-31 -8 0
-31 -13 0
-31 -33 0
-31 -38 0
-31 -43 0
-31 -63 0
-31 -67 0
-31 -71 0
-36 -8 0
-36 -13 0
-36 -38 0
-36 -43 0
-36 -67 0
-36 -71 0
-41 -13 0
-41 -43 0
-41 -71 0
-50 -3 0
-50 -33 0
-50 -63 0
-54 -3 0
-54 -8 0
-54 -33 0
-54 -38 0
-54 -63 0
-54 -67 0
-57 -3 0
-57 -8 0
-57 -13 0
-57 -33 0
-57 -38 0
-57 -43 0
-57 -63 0
-57 -67 0
-57 -71 0
-61 -33 0
-61 -38 0
-61 -43 0
-61 -63 0
-61 -67 0
-61 -71 0
-61 -88 0
-61 -92 0
-61 -96 0
-65 -38 0
-65 -43 0
-65 -67 0
-65 -71 0
-65 -92 0
-65 -96 0
-69 -43 0
-69 -71 0
-69 -96 0
-76 -33 0
-76 -63 0
-76 -88 0
-79 -33 0
-79 -38 0
-79 -63 0
-79 -67 0
-79 -88 0
-79 -92 0
-82 -33 0
-82 -38 0
-82 -43 0
-82 -63 0
-82 -67 0
-82 -71 0
-82 -88 0
-82 -92 0
-82 -96 0
-86 -63 0
-86 -67 0
-86 -71 0
-86 -88 0
-86 -92 0
-86 -96 0
-86 -112 0
-86 -115 0
-86 -118 0
-90 -67 0
-90 -71 0
-90 -92 0
-90 -96 0
-90 -115 0
-90 -118 0
-94 -71 0
-94 -96 0
-94 -118 0
-101 -63 0
-101 -88 0
-101 -112 0
-104 -63 0
-104 -67 0
-104 -88 0
-104 -92 0
-104 -112 0
-104 -115 0
-107 -63 0
-107 -67 0
-107 -71 0
-107 -88 0
-107 -92 0
-107 -96 0
-107 -112 0
-107 -115 0
-107 -118 0
-111 -88 0
-111 -92 0
-111 -96 0
-111 -112 0
-111 -115 0
-111 -118 0
-111 -130 0
-111 -133 0
-111 -136 0
-114 -92 0
-114 -96 0
-114 -115 0
-114 -118 0
-114 -133 0
-114 -136 0
-117 -96 0
-117 -118 0
-117 -136 0
-122 -88 0
-122 -112 0
-122 -130 0
-124 -88 0
-124 -92 0
-124 -112 0
-124 -115 0
-124 -130 0
-124 -133 0
-126 -88 0
-126 -92 0
-126 -96 0
-126 -112 0
-126 -115 0
-126 -118 0
-126 -130 0
-126 -133 0
-126 -136 0
-129 -112 0
-129 -115 0
-129 -118 0
-129 -130 0
-129 -133 0
-129 -136 0
-129 -148 0
-129 -151 0
-129 -154 0
-132 -115 0
-132 -118 0
-132 -133 0
-132 -136 0
-132 -151 0
-132 -154 0
-135 -118 0
-135 -136 0
-135 -154 0
-140 -112 0
-140 -130 0
-140 -148 0
-142 -112 0
-142 -115 0
-142 -130 0
-142 -133 0
-142 -148 0
-142 -151 0
-144 -112 0
-144 -115 0
-144 -118 0
-144 -130 0
-144 -133 0
-144 -136 0
-144 -148 0
-144 -151 0
-144 -154 0
-147 -130 0
-147 -133 0
-147 -136 0
-147 -148 0
-147 -151 0
-147 -154 0
-147 -166 0
-147 -169 0
-147 -172 0
-150 -133 0
-150 -136 0
-150 -151 0
-150 -154 0
-150 -169 0
-150 -172 0
-153 -136 0
-153 -154 0
-153 -172 0
-158 -130 0
-158 -148 0
-158 -166 0
-160 -130 0
-160 -133 0
-160 -148 0
-160 -151 0
-160 -166 0
-160 -169 0
-162 -130 0
-162 -133 0
-162 -136 0
-162 -148 0
-162 -151 0
-162 -154 0
-162 -166 0
-162 -169 0
-162 -172 0
-165 -148 0
-165 -151 0
-165 -154 0
-165 -166 0
-165 -169 0
-165 -172 0
-168 -151 0
-168 -154 0
-168 -169 0
-168 -172 0
-171 -154 0
-171 -172 0
-176 -148 0
-176 -166 0
-178 -148 0
-178 -151 0
-178 -166 0
-178 -169 0
-180 -148 0
-180 -151 0
-180 -154 0
-180 -166 0
-180 -169 0
-180 -172 0
-1 -4 0
-1 -9 0
-1 -14 0
-1 -34 0
-1 -39 0
-1 -44 0
-6 -4 0
-6 -9 0
-6 -14 0
-6 -18 0
-6 -34 0
-6 -39 0
-6 -44 0
-6 -48 0
-11 -9 0
-11 -14 0
-11 -18 0
-11 -22 0
-11 -39 0
-11 -44 0
-11 -48 0
-11 -52 0
-16 -14 0
-16 -18 0
-16 -22 0
-16 -26 0
-16 -44 0
-16 -48 0
-16 -52 0
-16 -56 0
-20 -18 0
-20 -22 0
-20 -26 0
-20 -29 0
-20 -48 0
-20 -52 0
-20 -56 0
-20 -59 0
-24 -22 0
-24 -26 0
-24 -29 0
-24 -30 0
-24 -52 0
-24 -56 0
-24 -59 0
-24 -60 0
-27 -26 0
-27 -29 0
-27 -30 0
-27 -56 0
-27 -59 0
-27 -60 0
-31 -4 0
-31 -9 0
-31 -14 0
-31 -34 0
-31 -39 0
-31 -44 0
-31 -64 0
-31 -68 0
-31 -72 0
-36 -4 0
-36 -9 0
-36 -14 0
-36 -18 0
-36 -34 0
-36 -39 0
-36 -44 0
-36 -48 0
-36 -64 0
-36 -68 0
-36 -72 0
-36 -75 0
-41 -9 0
-41 -14 0
-41 -18 0
-41 -22 0
-41 -39 0
-41 -44 0
-41 -48 0
-41 -52 0
-41 -68 0
-41 -72 0
-41 -75 0
-41 -78 0
-46 -14 0
-46 -18 0
-46 -22 0
-46 -26 0
-46 -44 0
-46 -48 0
-46 -52 0
-46 -56 0
-46 -72 0
-46 -75 0
-46 -78 0
-46 -81 0
-50 -18 0
-50 -22 0
-50 -26 0
-50 -29 0
-50 -48 0
-50 -52 0
-50 -56 0
-50 -59 0
-50 -75 0
-50 -78 0
-50 -81 0
-50 -84 0
-54 -22 0
-54 -26 0
-54 -29 0
-54 -30 0
-54 -52 0
-54 -56 0
-54 -59 0
-54 -60 0
-54 -78 0
-54 -81 0
-54 -84 0
-54 -85 0
-57 -26 0
-57 -29 0
-57 -30 0
-57 -56 0
-57 -59 0
-57 -60 0
-57 -81 0
-57 -84 0
-57 -85 0
-61 -34 0
-61 -39 0
-61 -44 0
-61 -64 0
-61 -68 0
-61 -72 0
-61 -89 0
-61 -93 0
-61 -97 0
-65 -34 0
-65 -39 0
-65 -44 0
-65 -48 0
-65 -64 0
-65 -68 0
-65 -72 0
-65 -75 0
-65 -89 0
-65 -93 0
-65 -97 0
-65 -100 0
-69 -39 0
-69 -44 0
-69 -48 0
-69 -52 0
-69 -68 0
-69 -72 0
-69 -75 0
-69 -78 0
-69 -93 0
-69 -97 0
-69 -100 0
-69 -103 0
-73 -44 0
-73 -48 0
-73 -52 0
-73 -56 0
-73 -72 0
-73 -75 0
-73 -78 0
-73 -81 0
-73 -97 0
-73 -100 0
-73 -103 0
-73 -106 0
-76 -48 0
-76 -52 0
-76 -56 0
-76 -59 0
-76 -75 0
-76 -78 0
-76 -81 0
-76 -84 0
-76 -100 0
-76 -103 0
-76 -106 0
-76 -109 0
-79 -52 0
-79 -56 0
-79 -59 0
-79 -60 0
-79 -78 0
-79 -81 0
-79 -84 0
-79 -85 0
-79 -103 0
-79 -106 0
-79 -109 0
-79 -110 0
-82 -56 0
-82 -59 0
-82 -60 0
-82 -81 0
-82 -84 0
-82 -85 0
-82 -106 0
-82 -109 0
-82 -110 0
-86 -64 0
-86 -68 0
-86 -72 0
-86 -89 0
-86 -93 0
-86 -97 0
-86 -113 0
-86 -116 0
-86 -119 0
-90 -64 0
-90 -68 0
-90 -72 0
-90 -75 0
-90 -89 0
-90 -93 0
-90 -97 0
-90 -100 0
-90 -113 0
-90 -116 0
-90 -119 0
-90 -121 0
-94 -68 0
-94 -72 0
-94 -75 0
-94 -78 0
-94 -93 0
-94 -97 0
-94 -100 0
-94 -103 0
-94 -116 0
-94 -119 0
-94 -121 0
-94 -123 0
-98 -72 0
-98 -75 0
-98 -78 0
-98 -81 0
-98 -97 0
-98 -100 0
-98 -103 0
-98 -106 0
-98 -119 0
-98 -121 0
-98 -123 0
-98 -125 0
-101 -75 0
-101 -78 0
-101 -81 0
-101 -84 0
-101 -100 0
-101 -103 0
-101 -106 0
-101 -109 0
-101 -121 0
-101 -123 0
-101 -125 0
-101 -127 0
-104 -78 0
-104 -81 0
-104 -84 0
-104 -85 0
-104 -103 0
-104 -106 0
-104 -109 0
-104 -110 0
-104 -123 0
-104 -125 0
-104 -127 0
-104 -128 0
-107 -81 0
-107 -84 0
-107 -85 0
-107 -106 0
-107 -109 0
-107 -110 0
-107 -125 0
-107 -127 0
-107 -128 0
-111 -89 0
-111 -93 0
-111 -97 0
-111 -113 0
-111 -116 0
-111 -119 0
-111 -131 0
-111 -134 0
-111 -137 0
-114 -89 0
-114 -93 0
-114 -97 0
-114 -100 0
-114 -113 0
-114 -116 0
-114 -119 0
-114 -121 0
-114 -131 0
-114 -134 0
-114 -137 0
-114 -139 0
-117 -93 0
-117 -97 0
-117 -100 0
-117 -103 0
-117 -116 0
-117 -119 0
-117 -121 0
-117 -123 0
-117 -134 0
-117 -137 0
-117 -139 0
-117 -141 0
-120 -97 0
-120 -100 0
-120 -103 0
-120 -106 0
-120 -119 0
-120 -121 0
-120 -123 0
-120 -125 0
-120 -137 0
-120 -139 0
-120 -141 0
-120 -143 0
-122 -100 0
-122 -103 0
-122 -106 0
-122 -109 0
-122 -121 0
-122 -123 0
-122 -125 0
-122 -127 0
-122 -139 0
-122 -141 0
-122 -143 0
-122 -145 0
-124 -103 0
-124 -106 0
-124 -109 0
-124 -110 0
-124 -123 0
-124 -125 0
-124 -127 0
-124 -128 0
-124 -141 0
-124 -143 0
-124 -145 0
-124 -146 0
-126 -106 0
-126 -109 0
-126 -110 0
-126 -125 0
-126 -127 0
-126 -128 0
-126 -143 0
-126 -145 0
-126 -146 0
-129 -113 0
-129 -116 0
-129 -119 0
-129 -131 0
-129 -134 0
-129 -137 0
-129 -149 0
-129 -152 0
-129 -155 0
-132 -113 0
-132 -116 0
-132 -119 0
-132 -121 0
-132 -131 0
-132 -134 0
-132 -137 0
-132 -139 0
-132 -149 0
-132 -152 0
-132 -155 0
-132 -157 0
-135 -116 0
-135 -119 0
-135 -121 0
-135 -123 0
-135 -134 0
-135 -137 0
-135 -139 0
-135 -141 0
-135 -152 0
-135 -155 0
-135 -157 0
-135 -159 0
-138 -119 0
-138 -121 0
-138 -123 0
-138 -125 0
-138 -137 0
-138 -139 0
-138 -141 0
-138 -143 0
-138 -155 0
-138 -157 0
-138 -159 0
-138 -161 0
-140 -121 0
-140 -123 0
-140 -125 0
-140 -127 0
-140 -139 0
-140 -141 0
-140 -143 0
-140 -145 0
-140 -157 0
-140 -159 0
-140 -161 0
-140 -163 0
-142 -123 0
-142 -125 0
-142 -127 0
-142 -128 0
-142 -141 0
-142 -143 0
-142 -145 0
-142 -146 0
-142 -159 0
-142 -161 0
-142 -163 0
-142 -164 0
-144 -125 0
-144 -127 0
-144 -128 0
-144 -143 0
-144 -145 0
-144 -146 0
-144 -161 0
-144 -163 0
-144 -164 0
-147 -131 0
-147 -134 0
-147 -137 0
-147 -149 0
-147 -152 0
-147 -155 0
-147 -167 0
-147 -170 0
-147 -173 0
-150 -131 0
-150 -134 0
-150 -137 0
-150 -139 0
-150 -149 0
-150 -152 0
-150 -155 0
-150 -157 0
-150 -167 0
-150 -170 0
-150 -173 0
-150 -175 0
-153 -134 0
-153 -137 0
-153 -139 0
-153 -141 0
-153 -152 0
-153 -155 0
-153 -157 0
-153 -159 0
-153 -170 0
-153 -173 0
-153 -175 0
-153 -177 0
-156 -137 0
-156 -139 0
-156 -141 0
-156 -143 0
-156 -155 0
-156 -157 0
-156 -159 0
-156 -161 0
-156 -173 0
-156 -175 0
-156 -177 0
-156 -179 0
-158 -139 0
-158 -141 0
-158 -143 0
-158 -145 0
-158 -157 0
-158 -159 0
-158 -161 0
-158 -163 0
-158 -175 0
-158 -177 0
-158 -179 0
-158 -181 0
-160 -141 0
-160 -143 0
-160 -145 0
-160 -146 0
-160 -159 0
-160 -161 0
-160 -163 0
-160 -164 0
-160 -177 0
-160 -179 0
-160 -181 0
-160 -182 0
-162 -143 0
-162 -145 0
-162 -146 0
-162 -161 0
-162 -163 0
-162 -164 0
-162 -179 0
-162 -181 0
-162 -182 0
-165 -149 0
-165 -152 0
-165 -155 0
-165 -167 0
-165 -170 0
-165 -173 0
-168 -149 0
-168 -152 0
-168 -155 0
-168 -157 0
-168 -167 0
-168 -170 0
-168 -173 0
-168 -175 0
-171 -152 0
-171 -155 0
-171 -157 0
-171 -159 0
-171 -170 0
-171 -173 0
-171 -175 0
-171 -177 0
-174 -155 0
-174 -157 0
-174 -159 0
-174 -161 0
-174 -173 0
-174 -175 0
-174 -177 0
-174 -179 0
-176 -157 0
-176 -159 0
-176 -161 0
-176 -163 0
-176 -175 0
-176 -177 0
-176 -179 0
-176 -181 0
-178 -159 0
-178 -161 0
-178 -163 0
-178 -164 0
-178 -177 0
-178 -179 0
-178 -181 0
-178 -182 0
-180 -161 0
-180 -163 0
-180 -164 0
-180 -179 0
-180 -181 0
-180 -182 0
-1 -5 0
-1 -10 0
-1 -15 0
-1 -35 0
-1 -40 0
-1 -45 0
-6 -10 0
-6 -15 0
-6 -19 0
-6 -40 0
-6 -45 0
-6 -49 0
-11 -5 0
-11 -15 0
-11 -19 0
-11 -23 0
-11 -35 0
-11 -45 0
-11 -49 0
-11 -53 0
-16 -5 0
-16 -10 0
-16 -19 0
-16 -23 0
-16 -35 0
-16 -40 0
-16 -49 0
-16 -53 0
-20 -5 0
-20 -10 0
-20 -15 0
-20 -23 0
-20 -35 0
-20 -40 0
-20 -45 0
-20 -53 0
-24 -10 0
-24 -15 0
-24 -19 0
-24 -40 0
-24 -45 0
-24 -49 0
-27 -15 0
-27 -19 0
-27 -23 0
-27 -45 0
-27 -49 0
-27 -53 0
-31 -5 0
-31 -10 0
-31 -15 0
-31 -35 0
-31 -40 0
-31 -45 0
-36 -10 0
-36 -15 0
-36 -19 0
-36 -40 0
-36 -45 0
-36 -49 0
-41 -15 0
-41 -19 0
-41 -23 0
-41 -35 0
-41 -45 0
-41 -49 0
-41 -53 0
-46 -19 0
-46 -23 0
-46 -35 0
-46 -40 0
-46 -49 0
-46 -53 0
-50 -23 0
-50 -35 0
-50 -40 0
-50 -45 0
-50 -53 0
-54 -40 0
-54 -45 0
-54 -49 0
-57 -45 0
-57 -49 0
-57 -53 0
-61 -5 0
-61 -10 0
-61 -15 0
-61 -35 0
-61 -40 0
-61 -45 0
-65 -10 0
-65 -15 0
-65 -19 0
-65 -40 0
-65 -45 0
-65 -49 0
-69 -15 0
-69 -19 0
-69 -23 0
-69 -45 0
-69 -49 0
-69 -53 0
-73 -19 0
-73 -23 0
-73 -49 0
-73 -53 0
-76 -23 0
-76 -53 0
-86 -5 0
-86 -10 0
-86 -15 0
-86 -35 0
-86 -40 0
-86 -45 0
-90 -10 0
-90 -15 0
-90 -19 0
-90 -40 0
-90 -45 0
-90 -49 0
-94 -15 0
-94 -19 0
-94 -23 0
-94 -45 0
-94 -49 0
-94 -53 0
-98 -19 0
-98 -23 0
-98 -49 0
-98 -53 0
-101 -23 0
-101 -53 0
-111 -5 0
-111 -10 0
-111 -15 0
-111 -35 0
-111 -40 0
-111 -45 0
-114 -10 0
-114 -15 0
-114 -19 0
-114 -40 0
-114 -45 0
-114 -49 0
-117 -15 0
-117 -19 0
-117 -23 0
-117 -45 0
-117 -49 0
-117 -53 0
-120 -19 0
-120 -23 0
-120 -49 0
-120 -53 0
-122 -23 0
-122 -53 0
-129 -5 0
-129 -10 0
-129 -15 0
-129 -35 0
-129 -40 0
-129 -45 0
-132 -10 0
-132 -15 0
-132 -19 0
-132 -40 0
-132 -45 0
-132 -49 0
-135 -15 0
-135 -19 0
-135 -23 0
-135 -45 0
-135 -49 0
-135 -53 0
-138 -19 0
-138 -23 0
-138 -49 0
-138 -53 0
-140 -23 0
-140 -53 0
-147 -5 0
-147 -10 0
-147 -15 0
-147 -35 0
-147 -40 0
-147 -45 0
-150 -10 0
-150 -15 0
-150 -19 0
-150 -40 0
-150 -45 0
-150 -49 0
-153 -5 0
-153 -15 0
-153 -19 0
-153 -23 0
-153 -45 0
-153 -49 0
-153 -53 0
-156 -5 0
-156 -10 0
-156 -19 0
-156 -23 0
-156 -49 0
-156 -53 0
-158 -5 0
-158 -10 0
-158 -15 0
-158 -23 0
-158 -53 0
-160 -10 0
-160 -15 0
-160 -19 0
-162 -15 0
-162 -19 0
-162 -23 0
-165 -5 0
-165 -10 0
-165 -15 0
-165 -35 0
-165 -40 0
-165 -45 0
-168 -10 0
-168 -15 0
-168 -19 0
-168 -40 0
-168 -45 0
-168 -49 0
-171 -5 0
-171 -15 0
-171 -19 0
-171 -23 0
-171 -35 0
-171 -45 0
-171 -49 0
-171 -53 0
-174 -5 0
-174 -10 0
-174 -19 0
-174 -23 0
-174 -35 0
-174 -40 0
-174 -49 0
-174 -53 0
-176 -5 0
-176 -10 0
-176 -15 0
-176 -23 0
-176 -35 0
-176 -40 0
-176 -45 0
-176 -53 0
-178 -10 0
-178 -15 0
-178 -19 0
-178 -40 0
-178 -45 0
-178 -49 0
-180 -15 0
-180 -19 0
-180 -23 0
-180 -45 0
-180 -49 0
-180 -53 0
-2 -1 0
-2 -6 0
-2 -11 0
-2 -31 0
-2 -36 0
-2 -41 0
-2 -61 0
-2 -65 0
-2 -69 0
-2 -86 0
-2 -90 0
-2 -94 0
-2 -111 0
-2 -114 0
-2 -117 0
-2 -129 0
-2 -132 0
-2 -135 0
-7 -1 0
-7 -6 0
-7 -11 0
-7 -16 0
-7 -31 0
-7 -36 0
-7 -41 0
-7 -46 0
-7 -61 0
-7 -65 0
-7 -69 0
-7 -73 0
-7 -86 0
-7 -90 0
-7 -94 0
-7 -98 0
-7 -111 0
-7 -114 0
-7 -117 0
-7 -120 0
-7 -129 0
-7 -132 0
-7 -135 0
-7 -138 0
-12 -1 0
-12 -6 0
-12 -11 0
-12 -16 0
-12 -20 0
-12 -31 0
-12 -36 0
-12 -41 0
-12 -46 0
-12 -50 0
-12 -61 0
-12 -65 0
-12 -69 0
-12 -73 0
-12 -76 0
-12 -86 0
-12 -90 0
-12 -94 0
-12 -98 0
-12 -101 0
-12 -111 0
-12 -114 0
-12 -117 0
-12 -120 0
-12 -122 0
-12 -129 0
-12 -132 0
-12 -135 0
-12 -138 0
-12 -140 0
-17 -6 0
-17 -11 0
-17 -16 0
-17 -20 0
-17 -24 0
-17 -36 0
-17 -41 0
-17 -46 0
-17 -50 0
-17 -54 0
-17 -65 0
-17 -69 0
-17 -73 0
-17 -76 0
-17 -79 0
-17 -90 0
-17 -94 0
-17 -98 0
-17 -101 0
-17 -104 0
-17 -114 0
-17 -117 0
-17 -120 0
-17 -122 0
-17 -124 0
-17 -132 0
-17 -135 0
-17 -138 0
-17 -140 0
-17 -142 0
-21 -11 0
-21 -16 0
-21 -20 0
-21 -24 0
-21 -27 0
-21 -41 0
-21 -46 0
-21 -50 0
-21 -54 0
-21 -57 0
-21 -69 0
-21 -73 0
-21 -76 0
-21 -79 0
-21 -82 0
-21 -94 0
-21 -98 0
-21 -101 0
-21 -104 0
-21 -107 0
-21 -117 0
-21 -120 0
-21 -122 0
-21 -124 0
-21 -126 0
-21 -135 0
-21 -138 0
-21 -140 0
-21 -142 0
-21 -144 0
-25 -16 0
-25 -20 0
-25 -24 0
-25 -27 0
-25 -46 0
-25 -50 0
-25 -54 0
-25 -57 0
-25 -73 0
-25 -76 0
-25 -79 0
-25 -82 0
-25 -98 0
-25 -101 0
-25 -104 0
-25 -107 0
-25 -120 0
-25 -122 0
-25 -124 0
-25 -126 0
-25 -138 0
-25 -140 0
-25 -142 0
-25 -144 0
-28 -20 0
-28 -24 0
-28 -27 0
-28 -50 0
-28 -54 0
-28 -57 0
-28 -76 0
-28 -79 0
-28 -82 0
-28 -101 0
-28 -104 0
-28 -107 0
-28 -122 0
-28 -124 0
-28 -126 0
-28 -140 0
-28 -142 0
-28 -144 0
-32 -1 0
-32 -6 0
-32 -11 0
-32 -31 0
-32 -36 0
-32 -41 0
-32 -61 0
-32 -65 0
-32 -69 0
-32 -86 0
-32 -90 0
-32 -94 0
-32 -111 0
-32 -114 0
-32 -117 0
-32 -129 0
-32 -132 0
-32 -135 0
-32 -147 0
-32 -150 0
-32 -153 0
-37 -1 0
-37 -6 0
-37 -11 0
-37 -16 0
-37 -31 0
-37 -36 0
-37 -41 0
-37 -46 0
-37 -61 0
-37 -65 0
-37 -69 0
-37 -73 0
-37 -86 0
-37 -90 0
-37 -94 0
-37 -98 0
-37 -111 0
-37 -114 0
-37 -117 0
-37 -120 0
-37 -129 0
-37 -132 0
-37 -135 0
-37 -138 0
-37 -147 0
-37 -150 0
-37 -153 0
-37 -156 0
-42 -1 0
-42 -6 0
-42 -11 0
-42 -16 0
-42 -20 0
-42 -31 0
-42 -36 0
-42 -41 0
-42 -46 0
-42 -50 0
-42 -61 0
-42 -65 0
-42 -69 0
-42 -73 0
-42 -76 0
-42 -86 0
-42 -90 0
-42 -94 0
-42 -98 0
-42 -101 0
-42 -111 0
-42 -114 0
-42 -117 0
-42 -120 0
-42 -122 0
-42 -129 0
-42 -132 0
-42 -135 0
-42 -138 0
-42 -140 0
-42 -147 0
-42 -150 0
-42 -153 0
-42 -156 0
-42 -158 0
-47 -6 0
-47 -11 0
-47 -16 0
-47 -20 0
-47 -24 0
-47 -36 0
-47 -41 0
-47 -46 0
-47 -50 0
-47 -54 0
-47 -65 0
-47 -69 0
-47 -73 0
-47 -76 0
-47 -79 0
-47 -90 0
-47 -94 0
-47 -98 0
-47 -101 0
-47 -104 0
-47 -114 0
-47 -117 0
-47 -120 0
-47 -122 0
-47 -124 0
-47 -132 0
-47 -135 0
-47 -138 0
-47 -140 0
-47 -142 0
-47 -150 0
-47 -153 0
-47 -156 0
-47 -158 0
-47 -160 0
-51 -11 0
-51 -16 0
-51 -20 0
-51 -24 0
-51 -27 0
-51 -41 0
-51 -46 0
-51 -50 0
-51 -54 0
-51 -57 0
-51 -69 0
-51 -73 0
-51 -76 0
-51 -79 0
-51 -82 0
-51 -94 0
-51 -98 0
-51 -101 0
-51 -104 0
-51 -107 0
-51 -117 0
-51 -120 0
-51 -122 0
-51 -124 0
-51 -126 0
-51 -135 0
-51 -138 0
-51 -140 0
-51 -142 0
-51 -144 0
-51 -153 0
-51 -156 0
-51 -158 0
-51 -160 0
-51 -162 0
-55 -16 0
-55 -20 0
-55 -24 0
-55 -27 0
-55 -46 0
-55 -50 0
-55 -54 0
-55 -57 0
-55 -73 0
-55 -76 0
-55 -79 0
-55 -82 0
-55 -98 0
-55 -101 0
-55 -104 0
-55 -107 0
-55 -120 0
-55 -122 0
-55 -124 0
-55 -126 0
-55 -138 0
-55 -140 0
-55 -142 0
-55 -144 0
-55 -156 0
-55 -158 0
-55 -160 0
-55 -162 0
-58 -20 0
-58 -24 0
-58 -27 0
-58 -50 0
-58 -54 0
-58 -57 0
-58 -76 0
-58 -79 0
-58 -82 0
-58 -101 0
-58 -104 0
-58 -107 0
-58 -122 0
-58 -124 0
-58 -126 0
-58 -140 0
-58 -142 0
-58 -144 0
-58 -158 0
-58 -160 0
-58 -162 0
-62 -31 0
-62 -36 0
-62 -41 0
-62 -61 0
-62 -65 0
-62 -69 0
-62 -86 0
-62 -90 0
-62 -94 0
-62 -111 0
-62 -114 0
-62 -117 0
-62 -129 0
-62 -132 0
-62 -135 0
-62 -147 0
-62 -150 0
-62 -153 0
-62 -165 0
-62 -168 0
-62 -171 0
-66 -31 0
-66 -36 0
-66 -41 0
-66 -46 0
-66 -61 0
-66 -65 0
-66 -69 0
-66 -73 0
-66 -86 0
-66 -90 0
-66 -94 0
-66 -98 0
-66 -111 0
-66 -114 0
-66 -117 0
-66 -120 0
-66 -129 0
-66 -132 0
-66 -135 0
-66 -138 0
-66 -147 0
-66 -150 0
-66 -153 0
-66 -156 0
-66 -165 0
-66 -168 0
-66 -171 0
-66 -174 0
-70 -31 0
-70 -36 0
-70 -41 0
-70 -46 0
-70 -50 0
-70 -61 0
-70 -65 0
-70 -69 0
-70 -73 0
-70 -76 0
-70 -86 0
-70 -90 0
-70 -94 0
-70 -98 0
-70 -101 0
-70 -111 0
-70 -114 0
-70 -117 0
-70 -120 0
-70 -122 0
-70 -129 0
-70 -132 0
-70 -135 0
-70 -138 0
-70 -140 0
-70 -147 0
-70 -150 0
-70 -153 0
-70 -156 0
-70 -158 0
-70 -165 0
-70 -168 0
-70 -171 0
-70 -174 0
-70 -176 0
-74 -36 0
-74 -41 0
-74 -46 0
-74 -50 0
-74 -54 0
-74 -65 0
-74 -69 0
-74 -73 0
-74 -76 0
-74 -79 0
-74 -90 0
-74 -94 0
-74 -98 0
-74 -101 0
-74 -104 0
-74 -114 0
-74 -117 0
-74 -120 0
-74 -122 0
-74 -124 0
-74 -132 0
-74 -135 0
-74 -138 0
-74 -140 0
-74 -142 0
-74 -150 0
-74 -153 0
-74 -156 0
-74 -158 0
-74 -160 0
-74 -168 0
-74 -171 0
-74 -174 0
-74 -176 0
-74 -178 0
-77 -41 0
-77 -46 0
-77 -50 0
-77 -54 0
-77 -57 0
-77 -69 0
-77 -73 0
-77 -76 0
-77 -79 0
-77 -82 0
-77 -94 0
-77 -98 0
-77 -101 0
-77 -104 0
-77 -107 0
-77 -117 0
-77 -120 0
-77 -122 0
-77 -124 0
-77 -126 0
-77 -135 0
-77 -138 0
-77 -140 0
-77 -142 0
-77 -144 0
-77 -153 0
-77 -156 0
-77 -158 0
-77 -160 0
-77 -162 0
-77 -171 0
-77 -174 0
-77 -176 0
-77 -178 0
-77 -180 0
-80 -46 0
-80 -50 0
-80 -54 0
-80 -57 0
-80 -73 0
-80 -76 0
-80 -79 0
-80 -82 0
-80 -98 0
-80 -101 0
-80 -104 0
-80 -107 0
-80 -120 0
-80 -122 0
-80 -124 0
-80 -126 0
-80 -138 0
-80 -140 0
-80 -142 0
-80 -144 0
-80 -156 0
-80 -158 0
-80 -160 0
-80 -162 0
-80 -174 0
-80 -176 0
-80 -178 0
-80 -180 0
-83 -50 0
-83 -54 0
-83 -57 0
-83 -76 0
-83 -79 0
-83 -82 0
-83 -101 0
-83 -104 0
-83 -107 0
-83 -122 0
-83 -124 0
-83 -126 0
-83 -140 0
-83 -142 0
-83 -144 0
-83 -158 0
-83 -160 0
-83 -162 0
-83 -176 0
-83 -178 0
-83 -180 0
-87 -61 0
-87 -65 0
-87 -69 0
-87 -86 0
-87 -90 0
-87 -94 0
-87 -111 0
-87 -114 0
-87 -117 0
-87 -129 0
-87 -132 0
-87 -135 0
-87 -147 0
-87 -150 0
-87 -153 0
-87 -165 0
-87 -168 0
-87 -171 0
-91 -61 0
-91 -65 0
-91 -69 0
-91 -73 0
-91 -86 0
-91 -90 0
-91 -94 0
-91 -98 0
-91 -111 0
-91 -114 0
-91 -117 0
-91 -120 0
-91 -129 0
-91 -132 0
-91 -135 0
-91 -138 0
-91 -147 0
-91 -150 0
-91 -153 0
-91 -156 0
-91 -165 0
-91 -168 0
-91 -171 0
-91 -174 0
-95 -61 0
-95 -65 0
-95 -69 0
-95 -73 0
-95 -76 0
-95 -86 0
-95 -90 0
-95 -94 0
-95 -98 0
-95 -101 0
-95 -111 0
-95 -114 0
-95 -117 0
-95 -120 0
-95 -122 0
-95 -129 0
-95 -132 0
-95 -135 0
-95 -138 0
-95 -140 0
-95 -147 0
-95 -150 0
-95 -153 0
-95 -156 0
-95 -158 0
-95 -165 0
-95 -168 0
-95 -171 0
-95 -174 0
-95 -176 0
-99 -65 0
-99 -69 0
-99 -73 0
-99 -76 0
-99 -79 0
-99 -90 0
-99 -94 0
-99 -98 0
-99 -101 0
-99 -104 0
-99 -114 0
-99 -117 0
-99 -120 0
-99 -122 0
-99 -124 0
-99 -132 0
-99 -135 0
-99 -138 0
-99 -140 0
-99 -142 0
-99 -150 0
-99 -153 0
-99 -156 0
-99 -158 0
-99 -160 0
-99 -168 0
-99 -171 0
-99 -174 0
-99 -176 0
-99 -178 0
-102 -69 0
-102 -73 0
-102 -76 0
-102 -79 0
-102 -82 0
-102 -94 0
-102 -98 0
-102 -101 0
-102 -104 0
-102 -107 0
-102 -117 0
-102 -120 0
-102 -122 0
-102 -124 0
-102 -126 0
-102 -135 0
-102 -138 0
-102 -140 0
-102 -142 0
-102 -144 0
-102 -153 0
-102 -156 0
-102 -158 0
-102 -160 0
-102 -162 0
-102 -171 0
-102 -174 0
-102 -176 0
-102 -178 0
-102 -180 0
-105 -73 0
-105 -76 0
-105 -79 0
-105 -82 0
-105 -98 0
-105 -101 0
-105 -104 0
-105 -107 0
-105 -120 0
-105 -122 0
-105 -124 0
-105 -126 0
-105 -138 0
-105 -140 0
-105 -142 0
-105 -144 0
-105 -156 0
-105 -158 0
-105 -160 0
-105 -162 0
-105 -174 0
-105 -176 0
-105 -178 0
-105 -180 0
-108 -76 0
-108 -79 0
-108 -82 0
-108 -101 0
-108 -104 0
-108 -107 0
-108 -122 0
-108 -124 0
-108 -126 0
-108 -140 0
-108 -142 0
-108 -144 0
-108 -158 0
-108 -160 0
-108 -162 0
-108 -176 0
-108 -178 0
-108 -180 0
-2 -3 0
-2 -8 0
-2 -13 0
-2 -33 0
-2 -38 0
-2 -43 0
-2 -63 0
-2 -67 0
-2 -71 0
-2 -88 0
-2 -92 0
-2 -96 0
-2 -112 0
-2 -115 0
-2 -118 0
-2 -130 0
-2 -133 0
-2 -136 0
-7 -8 0
-7 -13 0
-7 -38 0
-7 -43 0
-7 -67 0
-7 -71 0
-7 -92 0
-7 -96 0
-7 -115 0
-7 -118 0
-7 -133 0
-7 -136 0
-12 -13 0
-12 -43 0
-12 -71 0
-12 -96 0
-12 -118 0
-12 -136 0
-21 -3 0
-21 -33 0
-21 -63 0
-21 -88 0
-21 -112 0
-21 -130 0
-25 -3 0
-25 -8 0
-25 -33 0
-25 -38 0
-25 -63 0
-25 -67 0
-25 -88 0
-25 -92 0
-25 -112 0
-25 -115 0
-25 -130 0
-25 -133 0
-28 -3 0
-28 -8 0
-28 -13 0
-28 -33 0
-28 -38 0
-28 -43 0
-28 -63 0
-28 -67 0
-28 -71 0
-28 -88 0
-28 -92 0
-28 -96 0
-28 -112 0
-28 -115 0
-28 -118 0
-28 -130 0
-28 -133 0
-28 -136 0
-32 -3 0
-32 -8 0
-32 -13 0
-32 -33 0
-32 -38 0
-32 -43 0
-32 -63 0
-32 -67 0
-32 -71 0
-32 -88 0
-32 -92 0
-32 -96 0
-32 -112 0
-32 -115 0
-32 -118 0
-32 -130 0
-32 -133 0
-32 -136 0
-32 -148 0
-32 -151 0
-32 -154 0
-37 -8 0
-37 -13 0
-37 -38 0
-37 -43 0
-37 -67 0
-37 -71 0
-37 -92 0
-37 -96 0
-37 -115 0
-37 -118 0
-37 -133 0
-37 -136 0
-37 -151 0
-37 -154 0
-42 -13 0
-42 -43 0
-42 -71 0
-42 -96 0
-42 -118 0
-42 -136 0
-42 -154 0
-51 -3 0
-51 -33 0
-51 -63 0
-51 -88 0
-51 -112 0
-51 -130 0
-51 -148 0
-55 -3 0
-55 -8 0
-55 -33 0
-55 -38 0
-55 -63 0
-55 -67 0
-55 -88 0
-55 -92 0
-55 -112 0
-55 -115 0
-55 -130 0
-55 -133 0
-55 -148 0
-55 -151 0
-58 -3 0
-58 -8 0
-58 -13 0
-58 -33 0
-58 -38 0
-58 -43 0
-58 -63 0
-58 -67 0
-58 -71 0
-58 -88 0
-58 -92 0
-58 -96 0
-58 -112 0
-58 -115 0
-58 -118 0
-58 -130 0
-58 -133 0
-58 -136 0
-58 -148 0
-58 -151 0
-58 -154 0
-62 -33 0
-62 -38 0
-62 -43 0
-62 -63 0
-62 -67 0
-62 -71 0
-62 -88 0
-62 -92 0
-62 -96 0
-62 -112 0
-62 -115 0
-62 -118 0
-62 -130 0
-62 -133 0
-62 -136 0
-62 -148 0
-62 -151 0
-62 -154 0
-62 -166 0
-62 -169 0
-62 -172 0
-66 -38 0
-66 -43 0
-66 -67 0
-66 -71 0
-66 -92 0
-66 -96 0
-66 -115 0
-66 -118 0
-66 -133 0
-66 -136 0
-66 -151 0
-66 -154 0
-66 -169 0
-66 -172 0
-70 -43 0
-70 -71 0
-70 -96 0
-70 -118 0
-70 -136 0
-70 -154 0
-70 -172 0
-77 -33 0
-77 -63 0
-77 -88 0
-77 -112 0
-77 -130 0
-77 -148 0
-77 -166 0
-80 -33 0
-80 -38 0
-80 -63 0
-80 -67 0
-80 -88 0
-80 -92 0
-80 -112 0
-80 -115 0
-80 -130 0
-80 -133 0
-80 -148 0
-80 -151 0
-80 -166 0
-80 -169 0
-83 -33 0
-83 -38 0
-83 -43 0
-83 -63 0
-83 -67 0
-83 -71 0
-83 -88 0
-83 -92 0
-83 -96 0
-83 -112 0
-83 -115 0
-83 -118 0
-83 -130 0
-83 -133 0
-83 -136 0
-83 -148 0
-83 -151 0
-83 -154 0
-83 -166 0
-83 -169 0
-83 -172 0
-87 -63 0
-87 -67 0
-87 -71 0
-87 -88 0
-87 -92 0
-87 -96 0
-87 -112 0
-87 -115 0
-87 -118 0
-87 -130 0
-87 -133 0
-87 -136 0
-87 -148 0
-87 -151 0
-87 -154 0
-87 -166 0
-87 -169 0
-87 -172 0
-91 -67 0
-91 -71 0
-91 -92 0
-91 -96 0
-91 -115 0
-91 -118 0
-91 -133 0
-91 -136 0
-91 -151 0
-91 -154 0
-91 -169 0
-91 -172 0
-95 -71 0
-95 -96 0
-95 -118 0
-95 -136 0
-95 -154 0
-95 -172 0
-102 -63 0
-102 -88 0
-102 -112 0
-102 -130 0
-102 -148 0
-102 -166 0
-105 -63 0
-105 -67 0
-105 -88 0
-105 -92 0
-105 -112 0
-105 -115 0
-105 -130 0
-105 -133 0
-105 -148 0
-105 -151 0
-105 -166 0
-105 -169 0
-108 -63 0
-108 -67 0
-108 -71 0
-108 -88 0
-108 -92 0
-108 -96 0
-108 -112 0
-108 -115 0
-108 -118 0
-108 -130 0
-108 -133 0
-108 -136 0
-108 -148 0
-108 -151 0
-108 -154 0
-108 -166 0
-108 -169 0
-108 -172 0
-2 -4 0
-2 -9 0
-2 -14 0
-2 -34 0
-2 -39 0
-2 -44 0
-2 -64 0
-2 -68 0
-2 -72 0
-2 -89 0
-2 -93 0
-2 -97 0
-2 -113 0
-2 -116 0
-2 -119 0
-2 -131 0
-2 -134 0
-2 -137 0
-7 -4 0
-7 -9 0
-7 -14 0
-7 -18 0
-7 -34 0
-7 -39 0
-7 -44 0
-7 -48 0
-7 -64 0
-7 -68 0
-7 -72 0
-7 -75 0
-7 -89 0
-7 -93 0
-7 -97 0
-7 -100 0
-7 -113 0
-7 -116 0
-7 -119 0
-7 -121 0
-7 -131 0
-7 -134 0
-7 -137 0
-7 -139 0
-12 -9 0
-12 -14 0
-12 -18 0
-12 -22 0
-12 -39 0
-12 -44 0
-12 -48 0
-12 -52 0
-12 -68 0
-12 -72 0
-12 -75 0
-12 -78 0
-12 -93 0
-12 -97 0
-12 -100 0
-12 -103 0
-12 -116 0
-12 -119 0
-12 -121 0
-12 -123 0
-12 -134 0
-12 -137 0
-12 -139 0
-12 -141 0
-17 -14 0
-17 -18 0
-17 -22 0
-17 -26 0
-17 -44 0
-17 -48 0
-17 -52 0
-17 -56 0
-17 -72 0
-17 -75 0
-17 -78 0
-17 -81 0
-17 -97 0
-17 -100 0
-17 -103 0
-17 -106 0
-17 -119 0
-17 -121 0
-17 -123 0
-17 -125 0
-17 -137 0
-17 -139 0
-17 -141 0
-17 -143 0
-21 -18 0
-21 -22 0
-21 -26 0
-21 -29 0
-21 -48 0
-21 -52 0
-21 -56 0
-21 -59 0
-21 -75 0
-21 -78 0
-21 -81 0
-21 -84 0
-21 -100 0
-21 -103 0
-21 -106 0
-21 -109 0
-21 -121 0
-21 -123 0
-21 -125 0
-21 -127 0
-21 -139 0
-21 -141 0
-21 -143 0
-21 -145 0
-25 -22 0
-25 -26 0
-25 -29 0
-25 -30 0
-25 -52 0
-25 -56 0
-25 -59 0
-25 -60 0
-25 -78 0
-25 -81 0
-25 -84 0
-25 -85 0
-25 -103 0
-25 -106 0
-25 -109 0
-25 -110 0
-25 -123 0
-25 -125 0
-25 -127 0
-25 -128 0
-25 -141 0
-25 -143 0
-25 -145 0
-25 -146 0
-28 -26 0
-28 -29 0
-28 -30 0
-28 -56 0
-28 -59 0
-28 -60 0
-28 -81 0
-28 -84 0
-28 -85 0
-28 -106 0
-28 -109 0
-28 -110 0
-28 -125 0
-28 -127 0
-28 -128 0
-28 -143 0
-28 -145 0
-28 -146 0
-32 -4 0
-32 -9 0
-32 -14 0
-32 -34 0
-32 -39 0
-32 -44 0
-32 -64 0
-32 -68 0
-32 -72 0
-32 -89 0
-32 -93 0
-32 -97 0
-32 -113 0
-32 -116 0
-32 -119 0
-32 -131 0
-32 -134 0
-32 -137 0
-32 -149 0
-32 -152 0
-32 -155 0
-37 -4 0
-37 -9 0
-37 -14 0
-37 -18 0
-37 -34 0
-37 -39 0
-37 -44 0
-37 -48 0
-37 -64 0
-37 -68 0
-37 -72 0
-37 -75 0
-37 -89 0
-37 -93 0
-37 -97 0
-37 -100 0
-37 -113 0
-37 -116 0
-37 -119 0
-37 -121 0
-37 -131 0
-37 -134 0
-37 -137 0
-37 -139 0
-37 -149 0
-37 -152 0
-37 -155 0
-37 -157 0
-42 -9 0
-42 -14 0
-42 -18 0
-42 -22 0
-42 -39 0
-42 -44 0
-42 -48 0
-42 -52 0
-42 -68 0
-42 -72 0
-42 -75 0
-42 -78 0
-42 -93 0
-42 -97 0
-42 -100 0
-42 -103 0
-42 -116 0
-42 -119 0
-42 -121 0
-42 -123 0
-42 -134 0
-42 -137 0
-42 -139 0
-42 -141 0
-42 -152 0
-42 -155 0
-42 -157 0
-42 -159 0
-47 -14 0
-47 -18 0
-47 -22 0
-47 -26 0
-47 -44 0
-47 -48 0
-47 -52 0
-47 -56 0
-47 -72 0
-47 -75 0
-47 -78 0
-47 -81 0
-47 -97 0
-47 -100 0
-47 -103 0
-47 -106 0
-47 -119 0
-47 -121 0
-47 -123 0
-47 -125 0
-47 -137 0
-47 -139 0
-47 -141 0
-47 -143 0
-47 -155 0
-47 -157 0
-47 -159 0
-47 -161 0
-51 -18 0
-51 -22 0
-51 -26 0
-51 -29 0
-51 -48 0
-51 -52 0
-51 -56 0
-51 -59 0
-51 -75 0
-51 -78 0
-51 -81 0
-51 -84 0
-51 -100 0
-51 -103 0
-51 -106 0
-51 -109 0
-51 -121 0
-51 -123 0
-51 -125 0
-51 -127 0
-51 -139 0
-51 -141 0
-51 -143 0
-51 -145 0
-51 -157 0
-51 -159 0
-51 -161 0
-51 -163 0
-55 -22 0
-55 -26 0
-55 -29 0
-55 -30 0
-55 -52 0
-55 -56 0
-55 -59 0
-55 -60 0
-55 -78 0
-55 -81 0
-55 -84 0
-55 -85 0
-55 -103 0
-55 -106 0
-55 -109 0
-55 -110 0
-55 -123 0
-55 -125 0
-55 -127 0
-55 -128 0
-55 -141 0
-55 -143 0
-55 -145 0
-55 -146 0
-55 -159 0
-55 -161 0
-55 -163 0
-55 -164 0
-58 -26 0
-58 -29 0
-58 -30 0
-58 -56 0
-58 -59 0
-58 -60 0
-58 -81 0
-58 -84 0
-58 -85 0
-58 -106 0
-58 -109 0
-58 -110 0
-58 -125 0
-58 -127 0
-58 -128 0
-58 -143 0
-58 -145 0
-58 -146 0
-58 -161 0
-58 -163 0
-58 -164 0
-62 -34 0
-62 -39 0
-62 -44 0
-62 -64 0
-62 -68 0
-62 -72 0
-62 -89 0
-62 -93 0
-62 -97 0
-62 -113 0
-62 -116 0
-62 -119 0
-62 -131 0
-62 -134 0
-62 -137 0
-62 -149 0
-62 -152 0
-62 -155 0
-62 -167 0
-62 -170 0
-62 -173 0
-66 -34 0
-66 -39 0
-66 -44 0
-66 -48 0
-66 -64 0
-66 -68 0
-66 -72 0
-66 -75 0
-66 -89 0
-66 -93 0
-66 -97 0
-66 -100 0
-66 -113 0
-66 -116 0
-66 -119 0
-66 -121 0
-66 -131 0
-66 -134 0
-66 -137 0
-66 -139 0
-66 -149 0
-66 -152 0
-66 -155 0
-66 -157 0
-66 -167 0
-66 -170 0
-66 -173 0
-66 -175 0
-70 -39 0
-70 -44 0
-70 -48 0
-70 -52 0
-70 -68 0
-70 -72 0
-70 -75 0
-70 -78 0
-70 -93 0
-70 -97 0
-70 -100 0
-70 -103 0
-70 -116 0
-70 -119 0
-70 -121 0
-70 -123 0
-70 -134 0
-70 -137 0
-70 -139 0
-70 -141 0
-70 -152 0
-70 -155 0
-70 -157 0
-70 -159 0
-70 -170 0
-70 -173 0
-70 -175 0
-70 -177 0
-74 -44 0
-74 -48 0
-74 -52 0
-74 -56 0
-74 -72 0
-74 -75 0
-74 -78 0
-74 -81 0
-74 -97 0
-74 -100 0
-74 -103 0
-74 -106 0
-74 -119 0
-74 -121 0
-74 -123 0
-74 -125 0
-74 -137 0
-74 -139 0
-74 -141 0
-74 -143 0
-74 -155 0
-74 -157 0
-74 -159 0
-74 -161 0
-74 -173 0
-74 -175 0
-74 -177 0
-74 -179 0
-77 -48 0
-77 -52 0
-77 -56 0
-77 -59 0
-77 -75 0
-77 -78 0
-77 -81 0
-77 -84 0
-77 -100 0
-77 -103 0
-77 -106 0
-77 -109 0
-77 -121 0
-77 -123 0
-77 -125 0
-77 -127 0
-77 -139 0
-77 -141 0
-77 -143 0
-77 -145 0
-77 -157 0
-77 -159 0
-77 -161 0
-77 -163 0
-77 -175 0
-77 -177 0
-77 -179 0
-77 -181 0
-80 -52 0
-80 -56 0
-80 -59 0
-80 -60 0
-80 -78 0
-80 -81 0
-80 -84 0
-80 -85 0
-80 -103 0
-80 -106 0
-80 -109 0
-80 -110 0
-80 -123 0
-80 -125 0
-80 -127 0
-80 -128 0
-80 -141 0
-80 -143 0
-80 -145 0
-80 -146 0
-80 -159 0
-80 -161 0
-80 -163 0
-80 -164 0
-80 -177 0
-80 -179 0
-80 -181 0
-80 -182 0
-83 -56 0
-83 -59 0
-83 -60 0
-83 -81 0
-83 -84 0
-83 -85 0
-83 -106 0
-83 -109 0
-83 -110 0
-83 -125 0
-83 -127 0
-83 -128 0
-83 -143 0
-83 -145 0
-83 -146 0
-83 -161 0
-83 -163 0
-83 -164 0
-83 -179 0
-83 -181 0
-83 -182 0
-87 -64 0
-87 -68 0
-87 -72 0
-87 -89 0
-87 -93 0
-87 -97 0
-87 -113 0
-87 -116 0
-87 -119 0
-87 -131 0
-87 -134 0
-87 -137 0
-87 -149 0
-87 -152 0
-87 -155 0
-87 -167 0
-87 -170 0
-87 -173 0
-91 -64 0
-91 -68 0
-91 -72 0
-91 -75 0
-91 -89 0
-91 -93 0
-91 -97 0
-91 -100 0
-91 -113 0
-91 -116 0
-91 -119 0
-91 -121 0
-91 -131 0
-91 -134 0
-91 -137 0
-91 -139 0
-91 -149 0
-91 -152 0
-91 -155 0
-91 -157 0
-91 -167 0
-91 -170 0
-91 -173 0
-91 -175 0
-95 -68 0
-95 -72 0
-95 -75 0
-95 -78 0
-95 -93 0
-95 -97 0
-95 -100 0
-95 -103 0
-95 -116 0
-95 -119 0
-95 -121 0
-95 -123 0
-95 -134 0
-95 -137 0
-95 -139 0
-95 -141 0
-95 -152 0
-95 -155 0
-95 -157 0
-95 -159 0
-95 -170 0
-95 -173 0
-95 -175 0
-95 -177 0
-99 -72 0
-99 -75 0
-99 -78 0
-99 -81 0
-99 -97 0
-99 -100 0
-99 -103 0
-99 -106 0
-99 -119 0
-99 -121 0
-99 -123 0
-99 -125 0
-99 -137 0
-99 -139 0
-99 -141 0
-99 -143 0
-99 -155 0
-99 -157 0
-99 -159 0
-99 -161 0
-99 -173 0
-99 -175 0
-99 -177 0
-99 -179 0
-102 -75 0
-102 -78 0
-102 -81 0
-102 -84 0
-102 -100 0
-102 -103 0
-102 -106 0
-102 -109 0
-102 -121 0
-102 -123 0
-102 -125 0
-102 -127 0
-102 -139 0
-102 -141 0
-102 -143 0
-102 -145 0
-102 -157 0
-102 -159 0
-102 -161 0
-102 -163 0
-102 -175 0
-102 -177 0
-102 -179 0
-102 -181 0
-105 -78 0
-105 -81 0
-105 -84 0
-105 -85 0
-105 -103 0
-105 -106 0
-105 -109 0
-105 -110 0
-105 -123 0
-105 -125 0
-105 -127 0
-105 -128 0
-105 -141 0
-105 -143 0
-105 -145 0
-105 -146 0
-105 -159 0
-105 -161 0
-105 -163 0
-105 -164 0
-105 -177 0
-105 -179 0
-105 -181 0
-105 -182 0
-108 -81 0
-108 -84 0
-108 -85 0
-108 -106 0
-108 -109 0
-108 -110 0
-108 -125 0
-108 -127 0
-108 -128 0
-108 -143 0
-108 -145 0
-108 -146 0
-108 -161 0
-108 -163 0
-108 -164 0
-108 -179 0
-108 -181 0
-108 -182 0
-2 -5 0
-2 -10 0
-2 -15 0
-2 -35 0
-2 -40 0
-2 -45 0
-7 -10 0
-7 -15 0
-7 -19 0
-7 -40 0
-7 -45 0
-7 -49 0
-12 -5 0
-12 -15 0
-12 -19 0
-12 -23 0
-12 -35 0
-12 -45 0
-12 -49 0
-12 -53 0
-17 -5 0
-17 -10 0
-17 -19 0
-17 -23 0
-17 -35 0
-17 -40 0
-17 -49 0
-17 -53 0
-21 -5 0
-21 -10 0
-21 -15 0
-21 -23 0
-21 -35 0
-21 -40 0
-21 -45 0
-21 -53 0
-25 -10 0
-25 -15 0
-25 -19 0
-25 -40 0
-25 -45 0
-25 -49 0
-28 -15 0
-28 -19 0
-28 -23 0
-28 -45 0
-28 -49 0
-28 -53 0
-32 -5 0
-32 -10 0
-32 -15 0
-32 -35 0
-32 -40 0
-32 -45 0
-37 -10 0
-37 -15 0
-37 -19 0
-37 -40 0
-37 -45 0
-37 -49 0
-42 -15 0
-42 -19 0
-42 -23 0
-42 -35 0
-42 -45 0
-42 -49 0
-42 -53 0
-47 -19 0
-47 -23 0
-47 -35 0
-47 -40 0
-47 -49 0
-47 -53 0
-51 -23 0
-51 -35 0
-51 -40 0
-51 -45 0
-51 -53 0
-55 -40 0
-55 -45 0
-55 -49 0
-58 -45 0
-58 -49 0
-58 -53 0
-62 -5 0
-62 -10 0
-62 -15 0
-62 -35 0
-62 -40 0
-62 -45 0
-66 -10 0
-66 -15 0
-66 -19 0
-66 -40 0
-66 -45 0
-66 -49 0
-70 -5 0
-70 -15 0
-70 -19 0
-70 -23 0
-70 -45 0
-70 -49 0
-70 -53 0
-74 -5 0
-74 -10 0
-74 -19 0
-74 -23 0
-74 -49 0
-74 -53 0
-77 -5 0
-77 -10 0
-77 -15 0
-77 -23 0
-77 -53 0
-80 -10 0
-80 -15 0
-80 -19 0
-83 -15 0
-83 -19 0
-83 -23 0
-87 -5 0
-87 -10 0
-87 -15 0
-87 -35 0
-87 -40 0
-87 -45 0
-91 -10 0
-91 -15 0
-91 -19 0
-91 -40 0
-91 -45 0
-91 -49 0
-95 -5 0
-95 -15 0
-95 -19 0
-95 -23 0
-95 -35 0
-95 -45 0
-95 -49 0
-95 -53 0
-99 -5 0
-99 -10 0
-99 -19 0
-99 -23 0
-99 -35 0
-99 -40 0
-99 -49 0
-99 -53 0
-102 -5 0
-102 -10 0
-102 -15 0
-102 -23 0
-102 -35 0
-102 -40 0
-102 -45 0
-102 -53 0
-105 -10 0
-105 -15 0
-105 -19 0
-105 -40 0
-105 -45 0
-105 -49 0
-108 -15 0
-108 -19 0
-108 -23 0
-108 -45 0
-108 -49 0
-108 -53 0
-3 -1 0
-3 -6 0
-3 -11 0
-3 -16 0
-3 -20 0
-3 -24 0
-3 -27 0
-3 -31 0
-3 -36 0
-3 -41 0
-3 -46 0
-3 -50 0
-3 -54 0
-3 -57 0
-8 -1 0
-8 -6 0
-8 -11 0
-8 -16 0
-8 -20 0
-8 -24 0
-8 -27 0
-8 -31 0
-8 -36 0
-8 -41 0
-8 -46 0
-8 -50 0
-8 -54 0
-8 -57 0
-13 -1 0
-13 -6 0
-13 -11 0
-13 -16 0
-13 -20 0
-13 -24 0
-13 -27 0
-13 -31 0
-13 -36 0
-13 -41 0
-13 -46 0
-13 -50 0
-13 -54 0
-13 -57 0
-33 -1 0
-33 -6 0
-33 -11 0
-33 -16 0
-33 -20 0
-33 -24 0
-33 -27 0
-33 -31 0
-33 -36 0
-33 -41 0
-33 -46 0
-33 -50 0
-33 -54 0
-33 -57 0
-33 -61 0
-33 -65 0
-33 -69 0
-33 -73 0
-33 -76 0
-33 -79 0
-33 -82 0
-38 -1 0
-38 -6 0
-38 -11 0
-38 -16 0
-38 -20 0
-38 -24 0
-38 -27 0
-38 -31 0
-38 -36 0
-38 -41 0
-38 -46 0
-38 -50 0
-38 -54 0
-38 -57 0
-38 -61 0
-38 -65 0
-38 -69 0
-38 -73 0
-38 -76 0
-38 -79 0
-38 -82 0
-43 -1 0
-43 -6 0
-43 -11 0
-43 -16 0
-43 -20 0
-43 -24 0
-43 -27 0
-43 -31 0
-43 -36 0
-43 -41 0
-43 -46 0
-43 -50 0
-43 -54 0
-43 -57 0
-43 -61 0
-43 -65 0
-43 -69 0
-43 -73 0
-43 -76 0
-43 -79 0
-43 -82 0
-63 -31 0
-63 -36 0
-63 -41 0
-63 -46 0
-63 -50 0
-63 -54 0
-63 -57 0
-63 -61 0
-63 -65 0
-63 -69 0
-63 -73 0
-63 -76 0
-63 -79 0
-63 -82 0
-63 -86 0
-63 -90 0
-63 -94 0
-63 -98 0
-63 -101 0
-63 -104 0
-63 -107 0
-67 -31 0
-67 -36 0
-67 -41 0
-67 -46 0
-67 -50 0
-67 -54 0
-67 -57 0
-67 -61 0
-67 -65 0
-67 -69 0
-67 -73 0
-67 -76 0
-67 -79 0
-67 -82 0
-67 -86 0
-67 -90 0
-67 -94 0
-67 -98 0
-67 -101 0
-67 -104 0
-67 -107 0
-71 -31 0
-71 -36 0
-71 -41 0
-71 -46 0
-71 -50 0
-71 -54 0
-71 -57 0
-71 -61 0
-71 -65 0
-71 -69 0
-71 -73 0
-71 -76 0
-71 -79 0
-71 -82 0
-71 -86 0
-71 -90 0
-71 -94 0
-71 -98 0
-71 -101 0
-71 -104 0
-71 -107 0
-88 -61 0
-88 -65 0
-88 -69 0
-88 -73 0
-88 -76 0
-88 -79 0
-88 -82 0
-88 -86 0
-88 -90 0
-88 -94 0
-88 -98 0
-88 -101 0
-88 -104 0
-88 -107 0
-88 -111 0
-88 -114 0
-88 -117 0
-88 -120 0
-88 -122 0
-88 -124 0
-88 -126 0
-92 -61 0
-92 -65 0
-92 -69 0
-92 -73 0
-92 -76 0
-92 -79 0
-92 -82 0
-92 -86 0
-92 -90 0
-92 -94 0
-92 -98 0
-92 -101 0
-92 -104 0
-92 -107 0
-92 -111 0
-92 -114 0
-92 -117 0
-92 -120 0
-92 -122 0
-92 -124 0
-92 -126 0
-96 -61 0
-96 -65 0
-96 -69 0
-96 -73 0
-96 -76 0
-96 -79 0
-96 -82 0
-96 -86 0
-96 -90 0
-96 -94 0
-96 -98 0
-96 -101 0
-96 -104 0
-96 -107 0
-96 -111 0
-96 -114 0
-96 -117 0
-96 -120 0
-96 -122 0
-96 -124 0
-96 -126 0
-112 -86 0
-112 -90 0
-112 -94 0
-112 -98 0
-112 -101 0
-112 -104 0
-112 -107 0
-112 -111 0
-112 -114 0
-112 -117 0
-112 -120 0
-112 -122 0
-112 -124 0
-112 -126 0
-112 -129 0
-112 -132 0
-112 -135 0
-112 -138 0
-112 -140 0
-112 -142 0
-112 -144 0
-115 -86 0
-115 -90 0
-115 -94 0
-115 -98 0
-115 -101 0
-115 -104 0
-115 -107 0
-115 -111 0
-115 -114 0
-115 -117 0
-115 -120 0
-115 -122 0
-115 -124 0
-115 -126 0
-115 -129 0
-115 -132 0
-115 -135 0
-115 -138 0
-115 -140 0
-115 -142 0
-115 -144 0
-118 -86 0
-118 -90 0
-118 -94 0
-118 -98 0
-118 -101 0
-118 -104 0
-118 -107 0
-118 -111 0
-118 -114 0
-118 -117 0
-118 -120 0
-118 -122 0
-118 -124 0
-118 -126 0
-118 -129 0
-118 -132 0
-118 -135 0
-118 -138 0
-118 -140 0
-118 -142 0
-118 -144 0
-130 -111 0
-130 -114 0
-130 -117 0
-130 -120 0
-130 -122 0
-130 -124 0
-130 -126 0
-130 -129 0
-130 -132 0
-130 -135 0
-130 -138 0
-130 -140 0
-130 -142 0
-130 -144 0
-130 -147 0
-130 -150 0
-130 -153 0
-130 -156 0
-130 -158 0
-130 -160 0
-130 -162 0
-133 -111 0
-133 -114 0
-133 -117 0
-133 -120 0
-133 -122 0
-133 -124 0
-133 -126 0
-133 -129 0
-133 -132 0
-133 -135 0
-133 -138 0
-133 -140 0
-133 -142 0
-133 -144 0
-133 -147 0
-133 -150 0
-133 -153 0
-133 -156 0
-133 -158 0
-133 -160 0
-133 -162 0
-136 -111 0
-136 -114 0
-136 -117 0
-136 -120 0
-136 -122 0
-136 -124 0
-136 -126 0
-136 -129 0
-136 -132 0
-136 -135 0
-136 -138 0
-136 -140 0
-136 -142 0
-136 -144 0
-136 -147 0
-136 -150 0
-136 -153 0
-136 -156 0
-136 -158 0
-136 -160 0
-136 -162 0
-148 -129 0
-148 -132 0
-148 -135 0
-148 -138 0
-148 -140 0
-148 -142 0
-148 -144 0
-148 -147 0
-148 -150 0
-148 -153 0
-148 -156 0
-148 -158 0
-148 -160 0
-148 -162 0
-148 -165 0
-148 -168 0
-148 -171 0
-148 -174 0
-148 -176 0
-148 -178 0
-148 -180 0
-151 -129 0
-151 -132 0
-151 -135 0
-151 -138 0
-151 -140 0
-151 -142 0
-151 -144 0
-151 -147 0
-151 -150 0
-151 -153 0
-151 -156 0
-151 -158 0
-151 -160 0
-151 -162 0
-151 -165 0
-151 -168 0
-151 -171 0
-151 -174 0
-151 -176 0
-151 -178 0
-151 -180 0
-154 -129 0
-154 -132 0
-154 -135 0
-154 -138 0
-154 -140 0
-154 -142 0
-154 -144 0
-154 -147 0
-154 -150 0
-154 -153 0
-154 -156 0
-154 -158 0
-154 -160 0
-154 -162 0
-154 -165 0
-154 -168 0
-154 -171 0
-154 -174 0
-154 -176 0
-154 -178 0
-154 -180 0
-166 -147 0
-166 -150 0
-166 -153 0
-166 -156 0
-166 -158 0
-166 -160 0
-166 -162 0
-166 -165 0
-166 -168 0
-166 -171 0
-166 -174 0
-166 -176 0
-166 -178 0
-166 -180 0
-169 -147 0
-169 -150 0
-169 -153 0
-169 -156 0
-169 -158 0
-169 -160 0
-169 -162 0
-169 -165 0
-169 -168 0
-169 -171 0
-169 -174 0
-169 -176 0
-169 -178 0
-169 -180 0
-172 -147 0
-172 -150 0
-172 -153 0
-172 -156 0
-172 -158 0
-172 -160 0
-172 -162 0
-172 -165 0
-172 -168 0
-172 -171 0
-172 -174 0
-172 -176 0
-172 -178 0
-172 -180 0
-3 -2 0
-3 -7 0
-3 -12 0
-3 -17 0
-3 -21 0
-3 -25 0
-3 -28 0
-3 -32 0
-3 -37 0
-3 -42 0
-3 -47 0
-3 -51 0
-3 -55 0
-3 -58 0
-8 -2 0
-8 -7 0
-8 -12 0
-8 -17 0
-8 -21 0
-8 -25 0
-8 -28 0
-8 -32 0
-8 -37 0
-8 -42 0
-8 -47 0
-8 -51 0
-8 -55 0
-8 -58 0
-13 -2 0
-13 -7 0
-13 -12 0
-13 -17 0
-13 -21 0
-13 -25 0
-13 -28 0
-13 -32 0
-13 -37 0
-13 -42 0
-13 -47 0
-13 -51 0
-13 -55 0
-13 -58 0
-33 -2 0
-33 -7 0
-33 -12 0
-33 -17 0
-33 -21 0
-33 -25 0
-33 -28 0
-33 -32 0
-33 -37 0
-33 -42 0
-33 -47 0
-33 -51 0
-33 -55 0
-33 -58 0
-33 -62 0
-33 -66 0
-33 -70 0
-33 -74 0
-33 -77 0
-33 -80 0
-33 -83 0
-38 -7 0
-38 -12 0
-38 -17 0
-38 -21 0
-38 -25 0
-38 -28 0
-38 -32 0
-38 -37 0
-38 -42 0
-38 -47 0
-38 -51 0
-38 -55 0
-38 -58 0
-38 -62 0
-38 -66 0
-38 -70 0
-38 -74 0
-38 -77 0
-38 -80 0
-38 -83 0
-43 -12 0
-43 -17 0
-43 -21 0
-43 -25 0
-43 -28 0
-43 -32 0
-43 -37 0
-43 -42 0
-43 -47 0
-43 -51 0
-43 -55 0
-43 -58 0
-43 -62 0
-43 -66 0
-43 -70 0
-43 -74 0
-43 -77 0
-43 -80 0
-43 -83 0
-63 -2 0
-63 -7 0
-63 -12 0
-63 -17 0
-63 -21 0
-63 -25 0
-63 -28 0
-63 -32 0
-63 -37 0
-63 -42 0
-63 -47 0
-63 -51 0
-63 -55 0
-63 -58 0
-63 -62 0
-63 -66 0
-63 -70 0
-63 -74 0
-63 -77 0
-63 -80 0
-63 -83 0
-63 -87 0
-63 -91 0
-63 -95 0
-63 -99 0
-63 -102 0
-63 -105 0
-63 -108 0
-67 -7 0
-67 -12 0
-67 -17 0
-67 -21 0
-67 -25 0
-67 -28 0
-67 -37 0
-67 -42 0
-67 -47 0
-67 -51 0
-67 -55 0
-67 -58 0
-67 -62 0
-67 -66 0
-67 -70 0
-67 -74 0
-67 -77 0
-67 -80 0
-67 -83 0
-67 -87 0
-67 -91 0
-67 -95 0
-67 -99 0
-67 -102 0
-67 -105 0
-67 -108 0
-71 -12 0
-71 -17 0
-71 -21 0
-71 -25 0
-71 -28 0
-71 -42 0
-71 -47 0
-71 -51 0
-71 -55 0
-71 -58 0
-71 -62 0
-71 -66 0
-71 -70 0
-71 -74 0
-71 -77 0
-71 -80 0
-71 -83 0
-71 -87 0
-71 -91 0
-71 -95 0
-71 -99 0
-71 -102 0
-71 -105 0
-71 -108 0
-88 -2 0
-88 -7 0
-88 -12 0
-88 -17 0
-88 -21 0
-88 -25 0
-88 -28 0
-88 -32 0
-88 -37 0
-88 -42 0
-88 -47 0
-88 -51 0
-88 -55 0
-88 -58 0
-88 -62 0
-88 -66 0
-88 -70 0
-88 -74 0
-88 -77 0
-88 -80 0
-88 -83 0
-88 -87 0
-88 -91 0
-88 -95 0
-88 -99 0
-88 -102 0
-88 -105 0
-88 -108 0
-92 -7 0
-92 -12 0
-92 -17 0
-92 -21 0
-92 -25 0
-92 -28 0
-92 -37 0
-92 -42 0
-92 -47 0
-92 -51 0
-92 -55 0
-92 -58 0
-92 -66 0
-92 -70 0
-92 -74 0
-92 -77 0
-92 -80 0
-92 -83 0
-92 -87 0
-92 -91 0
-92 -95 0
-92 -99 0
-92 -102 0
-92 -105 0
-92 -108 0
-96 -12 0
-96 -17 0
-96 -21 0
-96 -25 0
-96 -28 0
-96 -42 0
-96 -47 0
-96 -51 0
-96 -55 0
-96 -58 0
-96 -70 0
-96 -74 0
-96 -77 0
-96 -80 0
-96 -83 0
-96 -87 0
-96 -91 0
-96 -95 0
-96 -99 0
-96 -102 0
-96 -105 0
-96 -108 0
-112 -2 0
-112 -7 0
-112 -12 0
-112 -17 0
-112 -21 0
-112 -25 0
-112 -28 0
-112 -32 0
-112 -37 0
-112 -42 0
-112 -47 0
-112 -51 0
-112 -55 0
-112 -58 0
-112 -62 0
-112 -66 0
-112 -70 0
-112 -74 0
-112 -77 0
-112 -80 0
-112 -83 0
-112 -87 0
-112 -91 0
-112 -95 0
-112 -99 0
-112 -102 0
-112 -105 0
-112 -108 0
-115 -2 0
-115 -7 0
-115 -12 0
-115 -17 0
-115 -21 0
-115 -25 0
-115 -28 0
-115 -37 0
-115 -42 0
-115 -47 0
-115 -51 0
-115 -55 0
-115 -58 0
-115 -66 0
-115 -70 0
-115 -74 0
-115 -77 0
-115 -80 0
-115 -83 0
-115 -91 0
-115 -95 0
-115 -99 0
-115 -102 0
-115 -105 0
-115 -108 0
-118 -2 0
-118 -7 0
-118 -12 0
-118 -17 0
-118 -21 0
-118 -25 0
-118 -28 0
-118 -42 0
-118 -47 0
-118 -51 0
-118 -55 0
-118 -58 0
-118 -70 0
-118 -74 0
-118 -77 0
-118 -80 0
-118 -83 0
-118 -95 0
-118 -99 0
-118 -102 0
-118 -105 0
-118 -108 0
-130 -2 0
-130 -7 0
-130 -12 0
-130 -17 0
-130 -21 0
-130 -25 0
-130 -28 0
-130 -32 0
-130 -37 0
-130 -42 0
-130 -47 0
-130 -51 0
-130 -55 0
-130 -58 0
-130 -62 0
-130 -66 0
-130 -70 0
-130 -74 0
-130 -77 0
-130 -80 0
-130 -83 0
-130 -87 0
-130 -91 0
-130 -95 0
-130 -99 0
-130 -102 0
-130 -105 0
-130 -108 0
-133 -2 0
-133 -7 0
-133 -12 0
-133 -17 0
-133 -21 0
-133 -25 0
-133 -28 0
-133 -32 0
-133 -37 0
-133 -42 0
-133 -47 0
-133 -51 0
-133 -55 0
-133 -58 0
-133 -66 0
-133 -70 0
-133 -74 0
-133 -77 0
-133 -80 0
-133 -83 0
-133 -91 0
-133 -95 0
-133 -99 0
-133 -102 0
-133 -105 0
-133 -108 0
-136 -2 0
-136 -7 0
-136 -12 0
-136 -17 0
-136 -21 0
-136 -25 0
-136 -28 0
-136 -32 0
-136 -37 0
-136 -42 0
-136 -47 0
-136 -51 0
-136 -55 0
-136 -58 0
-136 -70 0
-136 -74 0
-136 -77 0
-136 -80 0
-136 -83 0
-136 -95 0
-136 -99 0
-136 -102 0
-136 -105 0
-136 -108 0
-148 -32 0
-148 -37 0
-148 -42 0
-148 -47 0
-148 -51 0
-148 -55 0
-148 -58 0
-148 -62 0
-148 -66 0
-148 -70 0
-148 -74 0
-148 -77 0
-148 -80 0
-148 -83 0
-148 -87 0
-148 -91 0
-148 -95 0
-148 -99 0
-148 -102 0
-148 -105 0
-148 -108 0
-151 -32 0
-151 -37 0
-151 -42 0
-151 -47 0
-151 -51 0
-151 -55 0
-151 -58 0
-151 -62 0
-151 -66 0
-151 -70 0
-151 -74 0
-151 -77 0
-151 -80 0
-151 -83 0
-151 -91 0
-151 -95 0
-151 -99 0
-151 -102 0
-151 -105 0
-151 -108 0
-154 -32 0
-154 -37 0
-154 -42 0
-154 -47 0
-154 -51 0
-154 -55 0
-154 -58 0
-154 -62 0
-154 -66 0
-154 -70 0
-154 -74 0
-154 -77 0
-154 -80 0
-154 -83 0
-154 -95 0
-154 -99 0
-154 -102 0
-154 -105 0
-154 -108 0
-166 -62 0
-166 -66 0
-166 -70 0
-166 -74 0
-166 -77 0
-166 -80 0
-166 -83 0
-166 -87 0
-166 -91 0
-166 -95 0
-166 -99 0
-166 -102 0
-166 -105 0
-166 -108 0
-169 -62 0
-169 -66 0
-169 -70 0
-169 -74 0
-169 -77 0
-169 -80 0
-169 -83 0
-169 -87 0
-169 -91 0
-169 -95 0
-169 -99 0
-169 -102 0
-169 -105 0
-169 -108 0
-172 -62 0
-172 -66 0
-172 -70 0
-172 -74 0
-172 -77 0
-172 -80 0
-172 -83 0
-172 -87 0
-172 -91 0
-172 -95 0
-172 -99 0
-172 -102 0
-172 -105 0
-172 -108 0
-3 -4 0
-3 -9 0
-3 -14 0
-3 -18 0
-3 -22 0
-3 -26 0
-3 -29 0
-3 -34 0
-3 -39 0
-3 -44 0
-3 -48 0
-3 -52 0
-3 -56 0
-3 -59 0
-8 -4 0
-8 -9 0
-8 -14 0
-8 -18 0
-8 -22 0
-8 -26 0
-8 -29 0
-8 -30 0
-8 -34 0
-8 -39 0
-8 -44 0
-8 -48 0
-8 -52 0
-8 -56 0
-8 -59 0
-8 -60 0
-13 -9 0
-13 -14 0
-13 -18 0
-13 -22 0
-13 -26 0
-13 -29 0
-13 -30 0
-13 -39 0
-13 -44 0
-13 -48 0
-13 -52 0
-13 -56 0
-13 -59 0
-13 -60 0
-33 -4 0
-33 -9 0
-33 -14 0
-33 -18 0
-33 -22 0
-33 -26 0
-33 -29 0
-33 -34 0
-33 -39 0
-33 -44 0
-33 -48 0
-33 -52 0
-33 -56 0
-33 -59 0
-33 -64 0
-33 -68 0
-33 -72 0
-33 -75 0
-33 -78 0
-33 -81 0
-33 -84 0
-38 -4 0
-38 -9 0
-38 -14 0
-38 -18 0
-38 -22 0
-38 -26 0
-38 -29 0
-38 -30 0
-38 -34 0
-38 -39 0
-38 -44 0
-38 -48 0
-38 -52 0
-38 -56 0
-38 -59 0
-38 -60 0
-38 -64 0
-38 -68 0
-38 -72 0
-38 -75 0
-38 -78 0
-38 -81 0
-38 -84 0
-38 -85 0
-43 -9 0
-43 -14 0
-43 -18 0
-43 -22 0
-43 -26 0
-43 -29 0
-43 -30 0
-43 -39 0
-43 -44 0
-43 -48 0
-43 -52 0
-43 -56 0
-43 -59 0
-43 -60 0
-43 -68 0
-43 -72 0
-43 -75 0
-43 -78 0
-43 -81 0
-43 -84 0
-43 -85 0
-63 -34 0
-63 -39 0
-63 -44 0
-63 -48 0
-63 -52 0
-63 -56 0
-63 -59 0
-63 -64 0
-63 -68 0
-63 -72 0
-63 -75 0
-63 -78 0
-63 -81 0
-63 -84 0
-63 -89 0
-63 -93 0
-63 -97 0
-63 -100 0
-63 -103 0
-63 -106 0
-63 -109 0
-67 -34 0
-67 -39 0
-67 -44 0
-67 -48 0
-67 -52 0
-67 -56 0
-67 -59 0
-67 -60 0
-67 -64 0
-67 -68 0
-67 -72 0
-67 -75 0
-67 -78 0
-67 -81 0
-67 -84 0
-67 -85 0
-67 -89 0
-67 -93 0
-67 -97 0
-67 -100 0
-67 -103 0
-67 -106 0
-67 -109 0
-67 -110 0
-71 -39 0
-71 -44 0
-71 -48 0
-71 -52 0
-71 -56 0
-71 -59 0
-71 -60 0
-71 -68 0
-71 -72 0
-71 -75 0
-71 -78 0
-71 -81 0
-71 -84 0
-71 -85 0
-71 -93 0
-71 -97 0
-71 -100 0
-71 -103 0
-71 -106 0
-71 -109 0
-71 -110 0
-88 -64 0
-88 -68 0
-88 -72 0
-88 -75 0
-88 -78 0
-88 -81 0
-88 -84 0
-88 -89 0
-88 -93 0
-88 -97 0
-88 -100 0
-88 -103 0
-88 -106 0
-88 -109 0
-88 -113 0
-88 -116 0
-88 -119 0
-88 -121 0
-88 -123 0
-88 -125 0
-88 -127 0
-92 -64 0
-92 -68 0
-92 -72 0
-92 -75 0
-92 -78 0
-92 -81 0
-92 -84 0
-92 -85 0
-92 -89 0
-92 -93 0
-92 -97 0
-92 -100 0
-92 -103 0
-92 -106 0
-92 -109 0
-92 -110 0
-92 -113 0
-92 -116 0
-92 -119 0
-92 -121 0
-92 -123 0
-92 -125 0
-92 -127 0
-92 -128 0
-96 -68 0
-96 -72 0
-96 -75 0
-96 -78 0
-96 -81 0
-96 -84 0
-96 -85 0
-96 -93 0
-96 -97 0
-96 -100 0
-96 -103 0
-96 -106 0
-96 -109 0
-96 -110 0
-96 -116 0
-96 -119 0
-96 -121 0
-96 -123 0
-96 -125 0
-96 -127 0
-96 -128 0
-112 -89 0
-112 -93 0
-112 -97 0
-112 -100 0
-112 -103 0
-112 -106 0
-112 -109 0
-112 -113 0
-112 -116 0
-112 -119 0
-112 -121 0
-112 -123 0
-112 -125 0
-112 -127 0
-112 -131 0
-112 -134 0
-112 -137 0
-112 -139 0
-112 -141 0
-112 -143 0
-112 -145 0
-115 -89 0
-115 -93 0
-115 -97 0
-115 -100 0
-115 -103 0
-115 -106 0
-115 -109 0
-115 -110 0
-115 -113 0
-115 -116 0
-115 -119 0
-115 -121 0
-115 -123 0
-115 -125 0
-115 -127 0
-115 -128 0
-115 -131 0
-115 -134 0
-115 -137 0
-115 -139 0
-115 -141 0
-115 -143 0
-115 -145 0
-115 -146 0
-118 -93 0
-118 -97 0
-118 -100 0
-118 -103 0
-118 -106 0
-118 -109 0
-118 -110 0
-118 -116 0
-118 -119 0
-118 -121 0
-118 -123 0
-118 -125 0
-118 -127 0
-118 -128 0
-118 -134 0
-118 -137 0
-118 -139 0
-118 -141 0
-118 -143 0
-118 -145 0
-118 -146 0
-130 -113 0
-130 -116 0
-130 -119 0
-130 -121 0
-130 -123 0
-130 -125 0
-130 -127 0
-130 -131 0
-130 -134 0
-130 -137 0
-130 -139 0
-130 -141 0
-130 -143 0
-130 -145 0
-130 -149 0
-130 -152 0
-130 -155 0
-130 -157 0
-130 -159 0
-130 -161 0
-130 -163 0
-133 -113 0
-133 -116 0
-133 -119 0
-133 -121 0
-133 -123 0
-133 -125 0
-133 -127 0
-133 -128 0
-133 -131 0
-133 -134 0
-133 -137 0
-133 -139 0
-133 -141 0
-133 -143 0
-133 -145 0
-133 -146 0
-133 -149 0
-133 -152 0
-133 -155 0
-133 -157 0
-133 -159 0
-133 -161 0
-133 -163 0
-133 -164 0
-136 -116 0
-136 -119 0
-136 -121 0
-136 -123 0
-136 -125 0
-136 -127 0
-136 -128 0
-136 -134 0
-136 -137 0
-136 -139 0
-136 -141 0
-136 -143 0
-136 -145 0
-136 -146 0
-136 -152 0
-136 -155 0
-136 -157 0
-136 -159 0
-136 -161 0
-136 -163 0
-136 -164 0
-148 -131 0
-148 -134 0
-148 -137 0
-148 -139 0
-148 -141 0
-148 -143 0
-148 -145 0
-148 -149 0
-148 -152 0
-148 -155 0
-148 -157 0
-148 -159 0
-148 -161 0
-148 -163 0
-148 -167 0
-148 -170 0
-148 -173 0
-148 -175 0
-148 -177 0
-148 -179 0
-148 -181 0
-151 -131 0
-151 -134 0
-151 -137 0
-151 -139 0
-151 -141 0
-151 -143 0
-151 -145 0
-151 -146 0
-151 -149 0
-151 -152 0
-151 -155 0
-151 -157 0
-151 -159 0
-151 -161 0
-151 -163 0
-151 -164 0
-151 -167 0
-151 -170 0
-151 -173 0
-151 -175 0
-151 -177 0
-151 -179 0
-151 -181 0
-151 -182 0
-154 -134 0
-154 -137 0
-154 -139 0
-154 -141 0
-154 -143 0
-154 -145 0
-154 -146 0
-154 -152 0
-154 -155 0
-154 -157 0
-154 -159 0
-154 -161 0
-154 -163 0
-154 -164 0
-154 -170 0
-154 -173 0
-154 -175 0
-154 -177 0
-154 -179 0
-154 -181 0
-154 -182 0
-166 -149 0
-166 -152 0
-166 -155 0
-166 -157 0
-166 -159 0
-166 -161 0
-166 -163 0
-166 -167 0
-166 -170 0
-166 -173 0
-166 -175 0
-166 -177 0
-166 -179 0
-166 -181 0
-169 -149 0
-169 -152 0
-169 -155 0
-169 -157 0
-169 -159 0
-169 -161 0
-169 -163 0
-169 -164 0
-169 -167 0
-169 -170 0
-169 -173 0
-169 -175 0
-169 -177 0
-169 -179 0
-169 -181 0
-169 -182 0
-172 -152 0
-172 -155 0
-172 -157 0
-172 -159 0
-172 -161 0
-172 -163 0
-172 -164 0
-172 -170 0
-172 -173 0
-172 -175 0
-172 -177 0
-172 -179 0
-172 -181 0
-172 -182 0
-3 -5 0
-3 -10 0
-3 -15 0
-3 -19 0
-3 -23 0
-3 -35 0
-3 -40 0
-3 -45 0
-3 -49 0
-3 -53 0
-8 -5 0
-8 -10 0
-8 -15 0
-8 -19 0
-8 -23 0
-8 -35 0
-8 -40 0
-8 -45 0
-8 -49 0
-8 -53 0
-13 -5 0
-13 -10 0
-13 -15 0
-13 -19 0
-13 -23 0
-13 -35 0
-13 -40 0
-13 -45 0
-13 -49 0
-13 -53 0
-33 -5 0
-33 -10 0
-33 -15 0
-33 -19 0
-33 -23 0
-33 -35 0
-33 -40 0
-33 -45 0
-33 -49 0
-33 -53 0
-38 -10 0
-38 -15 0
-38 -19 0
-38 -23 0
-38 -35 0
-38 -40 0
-38 -45 0
-38 -49 0
-38 -53 0
-43 -15 0
-43 -19 0
-43 -23 0
-43 -35 0
-43 -40 0
-43 -45 0
-43 -49 0
-43 -53 0
-63 -5 0
-63 -10 0
-63 -15 0
-63 -19 0
-63 -23 0
-63 -35 0
-63 -40 0
-63 -45 0
-63 -49 0
-63 -53 0
-67 -10 0
-67 -15 0
-67 -19 0
-67 -23 0
-67 -40 0
-67 -45 0
-67 -49 0
-67 -53 0
-71 -15 0
-71 -19 0
-71 -23 0
-71 -45 0
-71 -49 0
-71 -53 0
-88 -5 0
-88 -10 0
-88 -15 0
-88 -19 0
-88 -23 0
-88 -35 0
-88 -40 0
-88 -45 0
-88 -49 0
-88 -53 0
-92 -10 0
-92 -15 0
-92 -19 0
-92 -23 0
-92 -40 0
-92 -45 0
-92 -49 0
-92 -53 0
-96 -15 0
-96 -19 0
-96 -23 0
-96 -45 0
-96 -49 0
-96 -53 0
-112 -5 0
-112 -10 0
-112 -15 0
-112 -19 0
-112 -23 0
-112 -35 0
-112 -40 0
-112 -45 0
-112 -49 0
-112 -53 0
-115 -10 0
-115 -15 0
-115 -19 0
-115 -23 0
-115 -40 0
-115 -45 0
-115 -49 0
-115 -53 0
-118 -15 0
-118 -19 0
-118 -23 0
-118 -45 0
-118 -49 0
-118 -53 0
-130 -5 0
-130 -10 0
-130 -15 0
-130 -19 0
-130 -23 0
-130 -35 0
-130 -40 0
-130 -45 0
-130 -49 0
-130 -53 0
-133 -10 0
-133 -15 0
-133 -19 0
-133 -23 0
-133 -40 0
-133 -45 0
-133 -49 0
-133 -53 0
-136 -15 0
-136 -19 0
-136 -23 0
-136 -45 0
-136 -49 0
-136 -53 0
-148 -5 0
-148 -10 0
-148 -15 0
-148 -19 0
-148 -23 0
-148 -35 0
-148 -40 0
-148 -45 0
-148 -49 0
-148 -53 0
-151 -5 0
-151 -10 0
-151 -15 0
-151 -19 0
-151 -23 0
-151 -40 0
-151 -45 0
-151 -49 0
-151 -53 0
-154 -5 0
-154 -10 0
-154 -15 0
-154 -19 0
-154 -23 0
-154 -45 0
-154 -49 0
-154 -53 0
-166 -5 0
-166 -10 0
-166 -15 0
-166 -19 0
-166 -23 0
-166 -35 0
-166 -40 0
-166 -45 0
-166 -49 0
-166 -53 0
-169 -5 0
-169 -10 0
-169 -15 0
-169 -19 0
-169 -23 0
-169 -35 0
-169 -40 0
-169 -45 0
-169 -49 0
-169 -53 0
-172 -5 0
-172 -10 0
-172 -15 0
-172 -19 0
-172 -23 0
-172 -35 0
-172 -40 0
-172 -45 0
-172 -49 0
-172 -53 0
-4 -1 0
-4 -6 0
-4 -31 0
-4 -36 0
-9 -1 0
-9 -6 0
-9 -11 0
-9 -31 0
-9 -36 0
-9 -41 0
-14 -1 0
-14 -6 0
-14 -11 0
-14 -16 0
-14 -31 0
-14 -36 0
-14 -41 0
-14 -46 0
-18 -6 0
-18 -11 0
-18 -16 0
-18 -20 0
-18 -36 0
-18 -41 0
-18 -46 0
-18 -50 0
-22 -11 0
-22 -16 0
-22 -20 0
-22 -24 0
-22 -41 0
-22 -46 0
-22 -50 0
-22 -54 0
-26 -16 0
-26 -20 0
-26 -24 0
-26 -27 0
-26 -46 0
-26 -50 0
-26 -54 0
-26 -57 0
-29 -20 0
-29 -24 0
-29 -27 0
-29 -50 0
-29 -54 0
-29 -57 0
-30 -24 0
-30 -27 0
-30 -54 0
-30 -57 0
-34 -1 0
-34 -6 0
-34 -31 0
-34 -36 0
-34 -61 0
-34 -65 0
-39 -1 0
-39 -6 0
-39 -11 0
-39 -31 0
-39 -36 0
-39 -41 0
-39 -61 0
-39 -65 0
-39 -69 0
-44 -1 0
-44 -6 0
-44 -11 0
-44 -16 0
-44 -31 0
-44 -36 0
-44 -41 0
-44 -46 0
-44 -61 0
-44 -65 0
-44 -69 0
-44 -73 0
-48 -6 0
-48 -11 0
-48 -16 0
-48 -20 0
-48 -36 0
-48 -41 0
-48 -46 0
-48 -50 0
-48 -65 0
-48 -69 0
-48 -73 0
-48 -76 0
-52 -11 0
-52 -16 0
-52 -20 0
-52 -24 0
-52 -41 0
-52 -46 0
-52 -50 0
-52 -54 0
-52 -69 0
-52 -73 0
-52 -76 0
-52 -79 0
-56 -16 0
-56 -20 0
-56 -24 0
-56 -27 0
-56 -46 0
-56 -50 0
-56 -54 0
-56 -57 0
-56 -73 0
-56 -76 0
-56 -79 0
-56 -82 0
-59 -20 0
-59 -24 0
-59 -27 0
-59 -50 0
-59 -54 0
-59 -57 0
-59 -76 0
-59 -79 0
-59 -82 0
-60 -24 0
-60 -27 0
-60 -54 0
-60 -57 0
-60 -79 0
-60 -82 0
-64 -31 0
-64 -36 0
-64 -61 0
-64 -65 0
-64 -86 0
-64 -90 0
-68 -31 0
-68 -36 0
-68 -41 0
-68 -61 0
-68 -65 0
-68 -69 0
-68 -86 0
-68 -90 0
-68 -94 0
-72 -31 0
-72 -36 0
-72 -41 0
-72 -46 0
-72 -61 0
-72 -65 0
-72 -69 0
-72 -73 0
-72 -86 0
-72 -90 0
-72 -94 0
-72 -98 0
-75 -36 0
-75 -41 0
-75 -46 0
-75 -50 0
-75 -65 0
-75 -69 0
-75 -73 0
-75 -76 0
-75 -90 0
-75 -94 0
-75 -98 0
-75 -101 0
-78 -41 0
-78 -46 0
-78 -50 0
-78 -54 0
-78 -69 0
-78 -73 0
-78 -76 0
-78 -79 0
-78 -94 0
-78 -98 0
-78 -101 0
-78 -104 0
-81 -46 0
-81 -50 0
-81 -54 0
-81 -57 0
-81 -73 0
-81 -76 0
-81 -79 0
-81 -82 0
-81 -98 0
-81 -101 0
-81 -104 0
-81 -107 0
-84 -50 0
-84 -54 0
-84 -57 0
-84 -76 0
-84 -79 0
-84 -82 0
-84 -101 0
-84 -104 0
-84 -107 0
-85 -54 0
-85 -57 0
-85 -79 0
-85 -82 0
-85 -104 0
-85 -107 0
-89 -61 0
-89 -65 0
-89 -86 0
-89 -90 0
-89 -111 0
-89 -114 0
-93 -61 0
-93 -65 0
-93 -69 0
-93 -86 0
-93 -90 0
-93 -94 0
-93 -111 0
-93 -114 0
-93 -117 0
-97 -61 0
-97 -65 0
-97 -69 0
-97 -73 0
-97 -86 0
-97 -90 0
-97 -94 0
-97 -98 0
-97 -111 0
-97 -114 0
-97 -117 0
-97 -120 0
-100 -65 0
-100 -69 0
-100 -73 0
-100 -76 0
-100 -90 0
-100 -94 0
-100 -98 0
-100 -101 0
-100 -114 0
-100 -117 0
-100 -120 0
-100 -122 0
-103 -69 0
-103 -73 0
-103 -76 0
-103 -79 0
-103 -94 0
-103 -98 0
-103 -101 0
-103 -104 0
-103 -117 0
-103 -120 0
-103 -122 0
-103 -124 0
-106 -73 0
-106 -76 0
-106 -79 0
-106 -82 0
-106 -98 0
-106 -101 0
-106 -104 0
-106 -107 0
-106 -120 0
-106 -122 0
-106 -124 0
-106 -126 0
-109 -76 0
-109 -79 0
-109 -82 0
-109 -101 0
-109 -104 0
-109 -107 0
-109 -122 0
-109 -124 0
-109 -126 0
-110 -79 0
-110 -82 0
-110 -104 0
-110 -107 0
-110 -124 0
-110 -126 0
-113 -86 0
-113 -90 0
-113 -111 0
-113 -114 0
-113 -129 0
-113 -132 0
-116 -86 0
-116 -90 0
-116 -94 0
-116 -111 0
-116 -114 0
-116 -117 0
-116 -129 0
-116 -132 0
-116 -135 0
-119 -86 0
-119 -90 0
-119 -94 0
-119 -98 0
-119 -111 0
-119 -114 0
-119 -117 0
-119 -120 0
-119 -129 0
-119 -132 0
-119 -135 0
-119 -138 0
-121 -90 0
-121 -94 0
-121 -98 0
-121 -101 0
-121 -114 0
-121 -117 0
-121 -120 0
-121 -122 0
-121 -132 0
-121 -135 0
-121 -138 0
-121 -140 0
-123 -94 0
-123 -98 0
-123 -101 0
-123 -104 0
-123 -117 0
-123 -120 0
-123 -122 0
-123 -124 0
-123 -135 0
-123 -138 0
-123 -140 0
-123 -142 0
-125 -98 0
-125 -101 0
-125 -104 0
-125 -107 0
-125 -120 0
-125 -122 0
-125 -124 0
-125 -126 0
-125 -138 0
-125 -140 0
-125 -142 0
-125 -144 0
-127 -101 0
-127 -104 0
-127 -107 0
-127 -122 0
-127 -124 0
-127 -126 0
-127 -140 0
-127 -142 0
-127 -144 0
-128 -104 0
-128 -107 0
-128 -124 0
-128 -126 0
-128 -142 0
-128 -144 0
-131 -111 0
-131 -114 0
-131 -129 0
-131 -132 0
-131 -147 0
-131 -150 0
-134 -111 0
-134 -114 0
-134 -117 0
-134 -129 0
-134 -132 0
-134 -135 0
-134 -147 0
-134 -150 0
-134 -153 0
-137 -111 0
-137 -114 0
-137 -117 0
-137 -120 0
-137 -129 0
-137 -132 0
-137 -135 0
-137 -138 0
-137 -147 0
-137 -150 0
-137 -153 0
-137 -156 0
-139 -114 0
-139 -117 0
-139 -120 0
-139 -122 0
-139 -132 0
-139 -135 0
-139 -138 0
-139 -140 0
-139 -150 0
-139 -153 0
-139 -156 0
-139 -158 0
-141 -117 0
-141 -120 0
-141 -122 0
-141 -124 0
-141 -135 0
-141 -138 0
-141 -140 0
-141 -142 0
-141 -153 0
-141 -156 0
-141 -158 0
-141 -160 0
-143 -120 0
-143 -122 0
-143 -124 0
-143 -126 0
-143 -138 0
-143 -140 0
-143 -142 0
-143 -144 0
-143 -156 0
-143 -158 0
-143 -160 0
-143 -162 0
-145 -122 0
-145 -124 0
-145 -126 0
-145 -140 0
-145 -142 0
-145 -144 0
-145 -158 0
-145 -160 0
-145 -162 0
-146 -124 0
-146 -126 0
-146 -142 0
-146 -144 0
-146 -160 0
-146 -162 0
-149 -129 0
-149 -132 0
-149 -147 0
-149 -150 0
-149 -165 0
-149 -168 0
-152 -129 0
-152 -132 0
-152 -135 0
-152 -147 0
-152 -150 0
-152 -153 0
-152 -165 0
-152 -168 0
-152 -171 0
-155 -129 0
-155 -132 0
-155 -135 0
-155 -138 0
-155 -147 0
-155 -150 0
-155 -153 0
-155 -156 0
-155 -165 0
-155 -168 0
-155 -171 0
-155 -174 0
-157 -132 0
-157 -135 0
-157 -138 0
-157 -140 0
-157 -150 0
-157 -153 0
-157 -156 0
-157 -158 0
-157 -168 0
-157 -171 0
-157 -174 0
-157 -176 0
-159 -135 0
-159 -138 0
-159 -140 0
-159 -142 0
-159 -153 0
-159 -156 0
-159 -158 0
-159 -160 0
-159 -171 0
-159 -174 0
-159 -176 0
-159 -178 0
-161 -138 0
-161 -140 0
-161 -142 0
-161 -144 0
-161 -156 0
-161 -158 0
-161 -160 0
-161 -162 0
-161 -174 0
-161 -176 0
-161 -178 0
-161 -180 0
-163 -140 0
-163 -142 0
-163 -144 0
-163 -158 0
-163 -160 0
-163 -162 0
-163 -176 0
-163 -178 0
-163 -180 0
-164 -142 0
-164 -144 0
-164 -160 0
-164 -162 0
-164 -178 0
-164 -180 0
-167 -147 0
-167 -150 0
-167 -165 0
-167 -168 0
-170 -147 0
-170 -150 0
-170 -153 0
-170 -165 0
-170 -168 0
-170 -171 0
-173 -147 0
-173 -150 0
-173 -153 0
-173 -156 0
-173 -165 0
-173 -168 0
-173 -171 0
-173 -174 0
-175 -150 0
-175 -153 0
-175 -156 0
-175 -158 0
-175 -168 0
-175 -171 0
-175 -174 0
-175 -176 0
-177 -153 0
-177 -156 0
-177 -158 0
-177 -160 0
-177 -171 0
-177 -174 0
-177 -176 0
-177 -178 0
-179 -156 0
-179 -158 0
-179 -160 0
-179 -162 0
-179 -174 0
-179 -176 0
-179 -178 0
-179 -180 0
-181 -158 0
-181 -160 0
-181 -162 0
-181 -176 0
-181 -178 0
-181 -180 0
-182 -160 0
-182 -162 0
-182 -178 0
-182 -180 0
-4 -2 0
-4 -7 0
-4 -32 0
-4 -37 0
-9 -2 0
-9 -7 0
-9 -12 0
-9 -32 0
-9 -37 0
-9 -42 0
-14 -2 0
-14 -7 0
-14 -12 0
-14 -17 0
-14 -32 0
-14 -37 0
-14 -42 0
-14 -47 0
-18 -7 0
-18 -12 0
-18 -17 0
-18 -21 0
-18 -37 0
-18 -42 0
-18 -47 0
-18 -51 0
-22 -12 0
-22 -17 0
-22 -21 0
-22 -25 0
-22 -42 0
-22 -47 0
-22 -51 0
-22 -55 0
-26 -17 0
-26 -21 0
-26 -25 0
-26 -28 0
-26 -47 0
-26 -51 0
-26 -55 0
-26 -58 0
-29 -21 0
-29 -25 0
-29 -28 0
-29 -51 0
-29 -55 0
-29 -58 0
-30 -25 0
-30 -28 0
-30 -55 0
-30 -58 0
-34 -2 0
-34 -7 0
-34 -32 0
-34 -37 0
-34 -62 0
-34 -66 0
-39 -7 0
-39 -12 0
-39 -32 0
-39 -37 0
-39 -42 0
-39 -62 0
-39 -66 0
-39 -70 0
-44 -12 0
-44 -17 0
-44 -32 0
-44 -37 0
-44 -42 0
-44 -47 0
-44 -62 0
-44 -66 0
-44 -70 0
-44 -74 0
-48 -17 0
-48 -21 0
-48 -37 0
-48 -42 0
-48 -47 0
-48 -51 0
-48 -66 0
-48 -70 0
-48 -74 0
-48 -77 0
-52 -21 0
-52 -25 0
-52 -42 0
-52 -47 0
-52 -51 0
-52 -55 0
-52 -70 0
-52 -74 0
-52 -77 0
-52 -80 0
-56 -25 0
-56 -28 0
-56 -47 0
-56 -51 0
-56 -55 0
-56 -58 0
-56 -74 0
-56 -77 0
-56 -80 0
-56 -83 0
-59 -28 0
-59 -51 0
-59 -55 0
-59 -58 0
-59 -77 0
-59 -80 0
-59 -83 0
-60 -55 0
-60 -58 0
-60 -80 0
-60 -83 0
-64 -2 0
-64 -7 0
-64 -32 0
-64 -37 0
-64 -62 0
-64 -66 0
-64 -87 0
-64 -91 0
-68 -7 0
-68 -12 0
-68 -37 0
-68 -42 0
-68 -62 0
-68 -66 0
-68 -70 0
-68 -87 0
-68 -91 0
-68 -95 0
-72 -12 0
-72 -17 0
-72 -42 0
-72 -47 0
-72 -62 0
-72 -66 0
-72 -70 0
-72 -74 0
-72 -87 0
-72 -91 0
-72 -95 0
-72 -99 0
-75 -17 0
-75 -21 0
-75 -47 0
-75 -51 0
-75 -66 0
-75 -70 0
-75 -74 0
-75 -77 0
-75 -91 0
-75 -95 0
-75 -99 0
-75 -102 0
-78 -21 0
-78 -25 0
-78 -51 0
-78 -55 0
-78 -70 0
-78 -74 0
-78 -77 0
-78 -80 0
-78 -95 0
-78 -99 0
-78 -102 0
-78 -105 0
-81 -25 0
-81 -28 0
-81 -55 0
-81 -58 0
-81 -74 0
-81 -77 0
-81 -80 0
-81 -83 0
-81 -99 0
-81 -102 0
-81 -105 0
-81 -108 0
-84 -28 0
-84 -58 0
-84 -77 0
-84 -80 0
-84 -83 0
-84 -102 0
-84 -105 0
-84 -108 0
-85 -80 0
-85 -83 0
-85 -105 0
-85 -108 0
-89 -2 0
-89 -7 0
-89 -32 0
-89 -37 0
-89 -62 0
-89 -66 0
-89 -87 0
-89 -91 0
-93 -7 0
-93 -12 0
-93 -37 0
-93 -42 0
-93 -66 0
-93 -70 0
-93 -87 0
-93 -91 0
-93 -95 0
-97 -12 0
-97 -17 0
-97 -42 0
-97 -47 0
-97 -70 0
-97 -74 0
-97 -87 0
-97 -91 0
-97 -95 0
-97 -99 0
-100 -17 0
-100 -21 0
-100 -47 0
-100 -51 0
-100 -74 0
-100 -77 0
-100 -91 0
-100 -95 0
-100 -99 0
-100 -102 0
-103 -21 0
-103 -25 0
-103 -51 0
-103 -55 0
-103 -77 0
-103 -80 0
-103 -95 0
-103 -99 0
-103 -102 0
-103 -105 0
-106 -25 0
-106 -28 0
-106 -55 0
-106 -58 0
-106 -80 0
-106 -83 0
-106 -99 0
-106 -102 0
-106 -105 0
-106 -108 0
-109 -28 0
-109 -58 0
-109 -83 0
-109 -102 0
-109 -105 0
-109 -108 0
-110 -105 0
-110 -108 0
-113 -2 0
-113 -7 0
-113 -32 0
-113 -37 0
-113 -62 0
-113 -66 0
-113 -87 0
-113 -91 0
-116 -2 0
-116 -7 0
-116 -12 0
-116 -37 0
-116 -42 0
-116 -66 0
-116 -70 0
-116 -91 0
-116 -95 0
-119 -2 0
-119 -7 0
-119 -12 0
-119 -17 0
-119 -42 0
-119 -47 0
-119 -70 0
-119 -74 0
-119 -95 0
-119 -99 0
-121 -7 0
-121 -12 0
-121 -17 0
-121 -21 0
-121 -47 0
-121 -51 0
-121 -74 0
-121 -77 0
-121 -99 0
-121 -102 0
-123 -12 0
-123 -17 0
-123 -21 0
-123 -25 0
-123 -51 0
-123 -55 0
-123 -77 0
-123 -80 0
-123 -102 0
-123 -105 0
-125 -17 0
-125 -21 0
-125 -25 0
-125 -28 0
-125 -55 0
-125 -58 0
-125 -80 0
-125 -83 0
-125 -105 0
-125 -108 0
-127 -21 0
-127 -25 0
-127 -28 0
-127 -58 0
-127 -83 0
-127 -108 0
-128 -25 0
-128 -28 0
-131 -2 0
-131 -7 0
-131 -32 0
-131 -37 0
-131 -62 0
-131 -66 0
-131 -87 0
-131 -91 0
-134 -2 0
-134 -7 0
-134 -12 0
-134 -32 0
-134 -37 0
-134 -42 0
-134 -66 0
-134 -70 0
-134 -91 0
-134 -95 0
-137 -2 0
-137 -7 0
-137 -12 0
-137 -17 0
-137 -32 0
-137 -37 0
-137 -42 0
-137 -47 0
-137 -70 0
-137 -74 0
-137 -95 0
-137 -99 0
-139 -7 0
-139 -12 0
-139 -17 0
-139 -21 0
-139 -37 0
-139 -42 0
-139 -47 0
-139 -51 0
-139 -74 0
-139 -77 0
-139 -99 0
-139 -102 0
-141 -12 0
-141 -17 0
-141 -21 0
-141 -25 0
-141 -42 0
-141 -47 0
-141 -51 0
-141 -55 0
-141 -77 0
-141 -80 0
-141 -102 0
-141 -105 0
-143 -17 0
-143 -21 0
-143 -25 0
-143 -28 0
-143 -47 0
-143 -51 0
-143 -55 0
-143 -58 0
-143 -80 0
-143 -83 0
-143 -105 0
-143 -108 0
-145 -21 0
-145 -25 0
-145 -28 0
-145 -51 0
-145 -55 0
-145 -58 0
-145 -83 0
-145 -108 0
-146 -25 0
-146 -28 0
-146 -55 0
-146 -58 0
-149 -32 0
-149 -37 0
-149 -62 0
-149 -66 0
-149 -87 0
-149 -91 0
-152 -32 0
-152 -37 0
-152 -42 0
-152 -62 0
-152 -66 0
-152 -70 0
-152 -91 0
-152 -95 0
-155 -32 0
-155 -37 0
-155 -42 0
-155 -47 0
-155 -62 0
-155 -66 0
-155 -70 0
-155 -74 0
-155 -95 0
-155 -99 0
-157 -37 0
-157 -42 0
-157 -47 0
-157 -51 0
-157 -66 0
-157 -70 0
-157 -74 0
-157 -77 0
-157 -99 0
-157 -102 0
-159 -42 0
-159 -47 0
-159 -51 0
-159 -55 0
-159 -70 0
-159 -74 0
-159 -77 0
-159 -80 0
-159 -102 0
-159 -105 0
-161 -47 0
-161 -51 0
-161 -55 0
-161 -58 0
-161 -74 0
-161 -77 0
-161 -80 0
-161 -83 0
-161 -105 0
-161 -108 0
-163 -51 0
-163 -55 0
-163 -58 0
-163 -77 0
-163 -80 0
-163 -83 0
-163 -108 0
-164 -55 0
-164 -58 0
-164 -80 0
-164 -83 0
-167 -62 0
-167 -66 0
-167 -87 0
-167 -91 0
-170 -62 0
-170 -66 0
-170 -70 0
-170 -87 0
-170 -91 0
-170 -95 0
-173 -62 0
-173 -66 0
-173 -70 0
-173 -74 0
-173 -87 0
-173 -91 0
-173 -95 0
-173 -99 0
-175 -66 0
-175 -70 0
-175 -74 0
-175 -77 0
-175 -91 0
-175 -95 0
-175 -99 0
-175 -102 0
-177 -70 0
-177 -74 0
-177 -77 0
-177 -80 0
-177 -95 0
-177 -99 0
-177 -102 0
-177 -105 0
-179 -74 0
-179 -77 0
-179 -80 0
-179 -83 0
-179 -99 0
-179 -102 0
-179 -105 0
-179 -108 0
-181 -77 0
-181 -80 0
-181 -83 0
-181 -102 0
-181 -105 0
-181 -108 0
-182 -80 0
-182 -83 0
-182 -105 0
-182 -108 0
-4 -3 0
-4 -8 0
-4 -33 0
-4 -38 0
-9 -8 0
-9 -13 0
-9 -38 0
-9 -43 0
-14 -13 0
-14 -43 0
-26 -3 0
-26 -33 0
-29 -3 0
-29 -8 0
-29 -33 0
-29 -38 0
-30 -8 0
-30 -13 0
-30 -38 0
-30 -43 0
-34 -3 0
-34 -8 0
-34 -33 0
-34 -38 0
-34 -63 0
-34 -67 0
-39 -8 0
-39 -13 0
-39 -38 0
-39 -43 0
-39 -67 0
-39 -71 0
-44 -13 0
-44 -43 0
-44 -71 0
-56 -3 0
-56 -33 0
-56 -63 0
-59 -3 0
-59 -8 0
-59 -33 0
-59 -38 0
-59 -63 0
-59 -67 0
-60 -8 0
-60 -13 0
-60 -38 0
-60 -43 0
-60 -67 0
-60 -71 0
-64 -33 0
-64 -38 0
-64 -63 0
-64 -67 0
-64 -88 0
-64 -92 0
-68 -38 0
-68 -43 0
-68 -67 0
-68 -71 0
-68 -92 0
-68 -96 0
-72 -43 0
-72 -71 0
-72 -96 0
-81 -33 0
-81 -63 0
-81 -88 0
-84 -33 0
-84 -38 0
-84 -63 0
-84 -67 0
-84 -88 0
-84 -92 0
-85 -38 0
-85 -43 0
-85 -67 0
-85 -71 0
-85 -92 0
-85 -96 0
-89 -63 0
-89 -67 0
-89 -88 0
-89 -92 0
-89 -112 0
-89 -115 0
-93 -67 0
-93 -71 0
-93 -92 0
-93 -96 0
-93 -115 0
-93 -118 0
-97 -71 0
-97 -96 0
-97 -118 0
-106 -63 0
-106 -88 0
-106 -112 0
-109 -63 0
-109 -67 0
-109 -88 0
-109 -92 0
-109 -112 0
-109 -115 0
-110 -67 0
-110 -71 0
-110 -92 0
-110 -96 0
-110 -115 0
-110 -118 0
-113 -88 0
-113 -92 0
-113 -112 0
-113 -115 0
-113 -130 0
-113 -133 0
-116 -92 0
-116 -96 0
-116 -115 0
-116 -118 0
-116 -133 0
-116 -136 0
-119 -96 0
-119 -118 0
-119 -136 0
-125 -88 0
-125 -112 0
-125 -130 0
-127 -88 0
-127 -92 0
-127 -112 0
-127 -115 0
-127 -130 0
-127 -133 0
-128 -92 0
-128 -96 0
-128 -115 0
-128 -118 0
-128 -133 0
-128 -136 0
-131 -112 0
-131 -115 0
-131 -130 0
-131 -133 0
-131 -148 0
-131 -151 0
-134 -115 0
-134 -118 0
-134 -133 0
-134 -136 0
-134 -151 0
-134 -154 0
-137 -118 0
-137 -136 0
-137 -154 0
-143 -112 0
-143 -130 0
-143 -148 0
-145 -112 0
-145 -115 0
-145 -130 0
-145 -133 0
-145 -148 0
-145 -151 0
-146 -115 0
-146 -118 0
-146 -133 0
-146 -136 0
-146 -151 0
-146 -154 0
-149 -130 0
-149 -133 0
-149 -148 0
-149 -151 0
-149 -166 0
-149 -169 0
-152 -133 0
-152 -136 0
-152 -151 0
-152 -154 0
-152 -169 0
-152 -172 0
-155 -136 0
-155 -154 0
-155 -172 0
-161 -130 0
-161 -148 0
-161 -166 0
-163 -130 0
-163 -133 0
-163 -148 0
-163 -151 0
-163 -166 0
-163 -169 0
-164 -133 0
-164 -136 0
-164 -151 0
-164 -154 0
-164 -169 0
-164 -172 0
-167 -148 0
-167 -151 0
-167 -166 0
-167 -169 0
-170 -151 0
-170 -154 0
-170 -169 0
-170 -172 0
-173 -154 0
-173 -172 0
-179 -148 0
-179 -166 0
-181 -148 0
-181 -151 0
-181 -166 0
-181 -169 0
-182 -151 0
-182 -154 0
-182 -169 0
-182 -172 0
-4 -5 0
-4 -10 0
-4 -35 0
-4 -40 0
-9 -10 0
-9 -15 0
-9 -40 0
-9 -45 0
-14 -15 0
-14 -19 0
-14 -45 0
-14 -49 0
-18 -5 0
-18 -19 0
-18 -23 0
-18 -35 0
-18 -49 0
-18 -53 0
-22 -5 0
-22 -10 0
-22 -23 0
-22 -35 0
-22 -40 0
-22 -53 0
-26 -10 0
-26 -15 0
-26 -40 0
-26 -45 0
-29 -15 0
-29 -19 0
-29 -45 0
-29 -49 0
-30 -19 0
-30 -23 0
-30 -49 0
-30 -53 0
-34 -5 0
-34 -10 0
-34 -35 0
-34 -40 0
-39 -10 0
-39 -15 0
-39 -40 0
-39 -45 0
-44 -15 0
-44 -19 0
-44 -45 0
-44 -49 0
-48 -19 0
-48 -23 0
-48 -35 0
-48 -49 0
-48 -53 0
-52 -23 0
-52 -35 0
-52 -40 0
-52 -53 0
-56 -40 0
-56 -45 0
-59 -45 0
-59 -49 0
-60 -49 0
-60 -53 0
-64 -5 0
-64 -10 0
-64 -35 0
-64 -40 0
-68 -10 0
-68 -15 0
-68 -40 0
-68 -45 0
-72 -15 0
-72 -19 0
-72 -45 0
-72 -49 0
-75 -19 0
-75 -23 0
-75 -49 0
-75 -53 0
-78 -23 0
-78 -53 0
-89 -5 0
-89 -10 0
-89 -35 0
-89 -40 0
-93 -10 0
-93 -15 0
-93 -40 0
-93 -45 0
-97 -15 0
-97 -19 0
-97 -45 0
-97 -49 0
-100 -19 0
-100 -23 0
-100 -49 0
-100 -53 0
-103 -23 0
-103 -53 0
-113 -5 0
-113 -10 0
-113 -35 0
-113 -40 0
-116 -10 0
-116 -15 0
-116 -40 0
-116 -45 0
-119 -15 0
-119 -19 0
-119 -45 0
-119 -49 0
-121 -19 0
-121 -23 0
-121 -49 0
-121 -53 0
-123 -23 0
-123 -53 0
-131 -5 0
-131 -10 0
-131 -35 0
-131 -40 0
-134 -10 0
-134 -15 0
-134 -40 0
-134 -45 0
-137 -15 0
-137 -19 0
-137 -45 0
-137 -49 0
-139 -19 0
-139 -23 0
-139 -49 0
-139 -53 0
-141 -23 0
-141 -53 0
-149 -5 0
-149 -10 0
-149 -35 0
-149 -40 0
-152 -10 0
-152 -15 0
-152 -40 0
-152 -45 0
-155 -15 0
-155 -19 0
-155 -45 0
-155 -49 0
-157 -5 0
-157 -19 0
-157 -23 0
-157 -49 0
-157 -53 0
-159 -5 0
-159 -10 0
-159 -23 0
-159 -53 0
-161 -10 0
-161 -15 0
-163 -15 0
-163 -19 0
-164 -19 0
-164 -23 0
-167 -5 0
-167 -10 0
-167 -35 0
-167 -40 0
-170 -10 0
-170 -15 0
-170 -40 0
-170 -45 0
-173 -15 0
-173 -19 0
-173 -45 0
-173 -49 0
-175 -5 0
-175 -19 0
-175 -23 0
-175 -35 0
-175 -49 0
-175 -53 0
-177 -5 0
-177 -10 0
-177 -23 0
-177 -35 0
-177 -40 0
-177 -53 0
-179 -10 0
-179 -15 0
-179 -40 0
-179 -45 0
-181 -15 0
-181 -19 0
-181 -45 0
-181 -49 0
-182 -19 0
-182 -23 0
-182 -49 0
-182 -53 0
-5 -1 0
-5 -6 0
-5 -11 0
-5 -16 0
-5 -20 0
-5 -31 0
-5 -36 0
-5 -41 0
-5 -46 0
-5 -50 0
-5 -61 0
-5 -65 0
-5 -69 0
-5 -73 0
-5 -76 0
-5 -86 0
-5 -90 0
-5 -94 0
-5 -98 0
-5 -101 0
-5 -111 0
-5 -114 0
-5 -117 0
-5 -120 0
-5 -122 0
-5 -129 0
-5 -132 0
-5 -135 0
-5 -138 0
-5 -140 0
-5 -147 0
-5 -150 0
-5 -153 0
-5 -156 0
-5 -158 0
-5 -165 0
-5 -168 0
-5 -171 0
-5 -174 0
-5 -176 0
-10 -1 0
-10 -6 0
-10 -11 0
-10 -16 0
-10 -20 0
-10 -24 0
-10 -31 0
-10 -36 0
-10 -41 0
-10 -46 0
-10 -50 0
-10 -54 0
-10 -61 0
-10 -65 0
-10 -69 0
-10 -73 0
-10 -76 0
-10 -79 0
-10 -86 0
-10 -90 0
-10 -94 0
-10 -98 0
-10 -101 0
-10 -104 0
-10 -111 0
-10 -114 0
-10 -117 0
-10 -120 0
-10 -122 0
-10 -124 0
-10 -129 0
-10 -132 0
-10 -135 0
-10 -138 0
-10 -140 0
-10 -142 0
-10 -147 0
-10 -150 0
-10 -153 0
-10 -156 0
-10 -158 0
-10 -160 0
-10 -165 0
-10 -168 0
-10 -171 0
-10 -174 0
-10 -176 0
-10 -178 0
-15 -1 0
-15 -6 0
-15 -11 0
-15 -16 0
-15 -20 0
-15 -24 0
-15 -27 0
-15 -31 0
-15 -36 0
-15 -41 0
-15 -46 0
-15 -50 0
-15 -54 0
-15 -57 0
-15 -61 0
-15 -65 0
-15 -69 0
-15 -73 0
-15 -76 0
-15 -79 0
-15 -82 0
-15 -86 0
-15 -90 0
-15 -94 0
-15 -98 0
-15 -101 0
-15 -104 0
-15 -107 0
-15 -111 0
-15 -114 0
-15 -117 0
-15 -120 0
-15 -122 0
-15 -124 0
-15 -126 0
-15 -129 0
-15 -132 0
-15 -135 0
-15 -138 0
-15 -140 0
-15 -142 0
-15 -144 0
-15 -147 0
-15 -150 0
-15 -153 0
-15 -156 0
-15 -158 0
-15 -160 0
-15 -162 0
-15 -165 0
-15 -168 0
-15 -171 0
-15 -174 0
-15 -176 0
-15 -178 0
-15 -180 0
-19 -6 0
-19 -11 0
-19 -16 0
-19 -20 0
-19 -24 0
-19 -27 0
-19 -36 0
-19 -41 0
-19 -46 0
-19 -50 0
-19 -54 0
-19 -57 0
-19 -65 0
-19 -69 0
-19 -73 0
-19 -76 0
-19 -79 0
-19 -82 0
-19 -90 0
-19 -94 0
-19 -98 0
-19 -101 0
-19 -104 0
-19 -107 0
-19 -114 0
-19 -117 0
-19 -120 0
-19 -122 0
-19 -124 0
-19 -126 0
-19 -132 0
-19 -135 0
-19 -138 0
-19 -140 0
-19 -142 0
-19 -144 0
-19 -150 0
-19 -153 0
-19 -156 0
-19 -158 0
-19 -160 0
-19 -162 0
-19 -168 0
-19 -171 0
-19 -174 0
-19 -176 0
-19 -178 0
-19 -180 0
-23 -11 0
-23 -16 0
-23 -20 0
-23 -24 0
-23 -27 0
-23 -41 0
-23 -46 0
-23 -50 0
-23 -54 0
-23 -57 0
-23 -69 0
-23 -73 0
-23 -76 0
-23 -79 0
-23 -82 0
-23 -94 0
-23 -98 0
-23 -101 0
-23 -104 0
-23 -107 0
-23 -117 0
-23 -120 0
-23 -122 0
-23 -124 0
-23 -126 0
-23 -135 0
-23 -138 0
-23 -140 0
-23 -142 0
-23 -144 0
-23 -153 0
-23 -156 0
-23 -158 0
-23 -160 0
-23 -162 0
-23 -171 0
-23 -174 0
-23 -176 0
-23 -178 0
-23 -180 0
-35 -1 0
-35 -6 0
-35 -11 0
-35 -16 0
-35 -20 0
-35 -31 0
-35 -36 0
-35 -41 0
-35 -46 0
-35 -50 0
-35 -61 0
-35 -65 0
-35 -69 0
-35 -73 0
-35 -76 0
-35 -86 0
-35 -90 0
-35 -94 0
-35 -98 0
-35 -101 0
-35 -111 0
-35 -114 0
-35 -117 0
-35 -120 0
-35 -122 0
-35 -129 0
-35 -132 0
-35 -135 0
-35 -138 0
-35 -140 0
-35 -147 0
-35 -150 0
-35 -153 0
-35 -156 0
-35 -158 0
-35 -165 0
-35 -168 0
-35 -171 0
-35 -174 0
-35 -176 0
-40 -1 0
-40 -6 0
-40 -11 0
-40 -16 0
-40 -20 0
-40 -24 0
-40 -31 0
-40 -36 0
-40 -41 0
-40 -46 0
-40 -50 0
-40 -54 0
-40 -61 0
-40 -65 0
-40 -69 0
-40 -73 0
-40 -76 0
-40 -79 0
-40 -86 0
-40 -90 0
-40 -94 0
-40 -98 0
-40 -101 0
-40 -104 0
-40 -111 0
-40 -114 0
-40 -117 0
-40 -120 0
-40 -122 0
-40 -124 0
-40 -129 0
-40 -132 0
-40 -135 0
-40 -138 0
-40 -140 0
-40 -142 0
-40 -147 0
-40 -150 0
-40 -153 0
-40 -156 0
-40 -158 0
-40 -160 0
-40 -165 0
-40 -168 0
-40 -171 0
-40 -174 0
-40 -176 0
-40 -178 0
-45 -1 0
-45 -6 0
-45 -11 0
-45 -16 0
-45 -20 0
-45 -24 0
-45 -27 0
-45 -31 0
-45 -36 0
-45 -41 0
-45 -46 0
-45 -50 0
-45 -54 0
-45 -57 0
-45 -61 0
-45 -65 0
-45 -69 0
-45 -73 0
-45 -76 0
-45 -79 0
-45 -82 0
-45 -86 0
-45 -90 0
-45 -94 0
-45 -98 0
-45 -101 0
-45 -104 0
-45 -107 0
-45 -111 0
-45 -114 0
-45 -117 0
-45 -120 0
-45 -122 0
-45 -124 0
-45 -126 0
-45 -129 0
-45 -132 0
-45 -135 0
-45 -138 0
-45 -140 0
-45 -142 0
-45 -144 0
-45 -147 0
-45 -150 0
-45 -153 0
-45 -156 0
-45 -158 0
-45 -160 0
-45 -162 0
-45 -165 0
-45 -168 0
-45 -171 0
-45 -174 0
-45 -176 0
-45 -178 0
-45 -180 0
-49 -6 0
-49 -11 0
-49 -16 0
-49 -20 0
-49 -24 0
-49 -27 0
-49 -36 0
-49 -41 0
-49 -46 0
-49 -50 0
-49 -54 0
-49 -57 0
-49 -65 0
-49 -69 0
-49 -73 0
-49 -76 0
-49 -79 0
-49 -82 0
-49 -90 0
-49 -94 0
-49 -98 0
-49 -101 0
-49 -104 0
-49 -107 0
-49 -114 0
-49 -117 0
-49 -120 0
-49 -122 0
-49 -124 0
-49 -126 0
-49 -132 0
-49 -135 0
-49 -138 0
-49 -140 0
-49 -142 0
-49 -144 0
-49 -150 0
-49 -153 0
-49 -156 0
-49 -158 0
-49 -160 0
-49 -162 0
-49 -168 0
-49 -171 0
-49 -174 0
-49 -176 0
-49 -178 0
-49 -180 0
-53 -11 0
-53 -16 0
-53 -20 0
-53 -24 0
-53 -27 0
-53 -41 0
-53 -46 0
-53 -50 0
-53 -54 0
-53 -57 0
-53 -69 0
-53 -73 0
-53 -76 0
-53 -79 0
-53 -82 0
-53 -94 0
-53 -98 0
-53 -101 0
-53 -104 0
-53 -107 0
-53 -117 0
-53 -120 0
-53 -122 0
-53 -124 0
-53 -126 0
-53 -135 0
-53 -138 0
-53 -140 0
-53 -142 0
-53 -144 0
-53 -153 0
-53 -156 0
-53 -158 0
-53 -160 0
-53 -162 0
-53 -171 0
-53 -174 0
-53 -176 0
-53 -178 0
-53 -180 0
-5 -2 0
-5 -7 0
-5 -12 0
-5 -17 0
-5 -21 0
-5 -32 0
-5 -37 0
-5 -42 0
-5 -47 0
-5 -51 0
-5 -62 0
-5 -66 0
-5 -70 0
-5 -74 0
-5 -77 0
-5 -87 0
-5 -91 0
-5 -95 0
-5 -99 0
-5 -102 0
-10 -2 0
-10 -7 0
-10 -12 0
-10 -17 0
-10 -21 0
-10 -25 0
-10 -32 0
-10 -37 0
-10 -42 0
-10 -47 0
-10 -51 0
-10 -55 0
-10 -62 0
-10 -66 0
-10 -70 0
-10 -74 0
-10 -77 0
-10 -80 0
-10 -87 0
-10 -91 0
-10 -95 0
-10 -99 0
-10 -102 0
-10 -105 0
-15 -2 0
-15 -7 0
-15 -12 0
-15 -17 0
-15 -21 0
-15 -25 0
-15 -28 0
-15 -32 0
-15 -37 0
-15 -42 0
-15 -47 0
-15 -51 0
-15 -55 0
-15 -58 0
-15 -62 0
-15 -66 0
-15 -70 0
-15 -74 0
-15 -77 0
-15 -80 0
-15 -83 0
-15 -87 0
-15 -91 0
-15 -95 0
-15 -99 0
-15 -102 0
-15 -105 0
-15 -108 0
-19 -7 0
-19 -12 0
-19 -17 0
-19 -21 0
-19 -25 0
-19 -28 0
-19 -37 0
-19 -42 0
-19 -47 0
-19 -51 0
-19 -55 0
-19 -58 0
-19 -66 0
-19 -70 0
-19 -74 0
-19 -77 0
-19 -80 0
-19 -83 0
-19 -91 0
-19 -95 0
-19 -99 0
-19 -102 0
-19 -105 0
-19 -108 0
-23 -12 0
-23 -17 0
-23 -21 0
-23 -25 0
-23 -28 0
-23 -42 0
-23 -47 0
-23 -51 0
-23 -55 0
-23 -58 0
-23 -70 0
-23 -74 0
-23 -77 0
-23 -80 0
-23 -83 0
-23 -95 0
-23 -99 0
-23 -102 0
-23 -105 0
-23 -108 0
-35 -2 0
-35 -7 0
-35 -12 0
-35 -17 0
-35 -21 0
-35 -32 0
-35 -37 0
-35 -42 0
-35 -47 0
-35 -51 0
-35 -62 0
-35 -66 0
-35 -70 0
-35 -74 0
-35 -77 0
-35 -87 0
-35 -91 0
-35 -95 0
-35 -99 0
-35 -102 0
-40 -2 0
-40 -7 0
-40 -12 0
-40 -17 0
-40 -21 0
-40 -25 0
-40 -32 0
-40 -37 0
-40 -42 0
-40 -47 0
-40 -51 0
-40 -55 0
-40 -62 0
-40 -66 0
-40 -70 0
-40 -74 0
-40 -77 0
-40 -80 0
-40 -87 0
-40 -91 0
-40 -95 0
-40 -99 0
-40 -102 0
-40 -105 0
-45 -2 0
-45 -7 0
-45 -12 0
-45 -17 0
-45 -21 0
-45 -25 0
-45 -28 0
-45 -32 0
-45 -37 0
-45 -42 0
-45 -47 0
-45 -51 0
-45 -55 0
-45 -58 0
-45 -62 0
-45 -66 0
-45 -70 0
-45 -74 0
-45 -77 0
-45 -80 0
-45 -83 0
-45 -87 0
-45 -91 0
-45 -95 0
-45 -99 0
-45 -102 0
-45 -105 0
-45 -108 0
-49 -7 0
-49 -12 0
-49 -17 0
-49 -21 0
-49 -25 0
-49 -28 0
-49 -37 0
-49 -42 0
-49 -47 0
-49 -51 0
-49 -55 0
-49 -58 0
-49 -66 0
-49 -70 0
-49 -74 0
-49 -77 0
-49 -80 0
-49 -83 0
-49 -91 0
-49 -95 0
-49 -99 0
-49 -102 0
-49 -105 0
-49 -108 0
-53 -12 0
-53 -17 0
-53 -21 0
-53 -25 0
-53 -28 0
-53 -42 0
-53 -47 0
-53 -51 0
-53 -55 0
-53 -58 0
-53 -70 0
-53 -74 0
-53 -77 0
-53 -80 0
-53 -83 0
-53 -95 0
-53 -99 0
-53 -102 0
-53 -105 0
-53 -108 0
-5 -3 0
-5 -8 0
-5 -13 0
-5 -33 0
-5 -38 0
-5 -43 0
-5 -63 0
-5 -67 0
-5 -71 0
-5 -88 0
-5 -92 0
-5 -96 0
-5 -112 0
-5 -115 0
-5 -118 0
-5 -130 0
-5 -133 0
-5 -136 0
-5 -148 0
-5 -151 0
-5 -154 0
-5 -166 0
-5 -169 0
-5 -172 0
-10 -8 0
-10 -13 0
-10 -38 0
-10 -43 0
-10 -67 0
-10 -71 0
-10 -92 0
-10 -96 0
-10 -115 0
-10 -118 0
-10 -133 0
-10 -136 0
-10 -151 0
-10 -154 0
-10 -169 0
-10 -172 0
-15 -3 0
-15 -13 0
-15 -33 0
-15 -43 0
-15 -63 0
-15 -71 0
-15 -88 0
-15 -96 0
-15 -112 0
-15 -118 0
-15 -130 0
-15 -136 0
-15 -148 0
-15 -154 0
-15 -166 0
-15 -172 0
-19 -3 0
-19 -8 0
-19 -33 0
-19 -38 0
-19 -63 0
-19 -67 0
-19 -88 0
-19 -92 0
-19 -112 0
-19 -115 0
-19 -130 0
-19 -133 0
-19 -148 0
-19 -151 0
-19 -166 0
-19 -169 0
-23 -3 0
-23 -8 0
-23 -13 0
-23 -33 0
-23 -38 0
-23 -43 0
-23 -63 0
-23 -67 0
-23 -71 0
-23 -88 0
-23 -92 0
-23 -96 0
-23 -112 0
-23 -115 0
-23 -118 0
-23 -130 0
-23 -133 0
-23 -136 0
-23 -148 0
-23 -151 0
-23 -154 0
-23 -166 0
-23 -169 0
-23 -172 0
-35 -3 0
-35 -8 0
-35 -13 0
-35 -33 0
-35 -38 0
-35 -43 0
-35 -63 0
-35 -67 0
-35 -71 0
-35 -88 0
-35 -92 0
-35 -96 0
-35 -112 0
-35 -115 0
-35 -118 0
-35 -130 0
-35 -133 0
-35 -136 0
-35 -148 0
-35 -151 0
-35 -154 0
-35 -166 0
-35 -169 0
-35 -172 0
-40 -8 0
-40 -13 0
-40 -38 0
-40 -43 0
-40 -67 0
-40 -71 0
-40 -92 0
-40 -96 0
-40 -115 0
-40 -118 0
-40 -133 0
-40 -136 0
-40 -151 0
-40 -154 0
-40 -169 0
-40 -172 0
-45 -3 0
-45 -13 0
-45 -33 0
-45 -43 0
-45 -63 0
-45 -71 0
-45 -88 0
-45 -96 0
-45 -112 0
-45 -118 0
-45 -130 0
-45 -136 0
-45 -148 0
-45 -154 0
-45 -166 0
-45 -172 0
-49 -3 0
-49 -8 0
-49 -33 0
-49 -38 0
-49 -63 0
-49 -67 0
-49 -88 0
-49 -92 0
-49 -112 0
-49 -115 0
-49 -130 0
-49 -133 0
-49 -148 0
-49 -151 0
-49 -166 0
-49 -169 0
-53 -3 0
-53 -8 0
-53 -13 0
-53 -33 0
-53 -38 0
-53 -43 0
-53 -63 0
-53 -67 0
-53 -71 0
-53 -88 0
-53 -92 0
-53 -96 0
-53 -112 0
-53 -115 0
-53 -118 0
-53 -130 0
-53 -133 0
-53 -136 0
-53 -148 0
-53 -151 0
-53 -154 0
-53 -166 0
-53 -169 0
-53 -172 0
-5 -4 0
-5 -9 0
-5 -14 0
-5 -18 0
-5 -22 0
-5 -34 0
-5 -39 0
-5 -44 0
-5 -48 0
-5 -52 0
-5 -64 0
-5 -68 0
-5 -72 0
-5 -75 0
-5 -78 0
-5 -89 0
-5 -93 0
-5 -97 0
-5 -100 0
-5 -103 0
-5 -113 0
-5 -116 0
-5 -119 0
-5 -121 0
-5 -123 0
-5 -131 0
-5 -134 0
-5 -137 0
-5 -139 0
-5 -141 0
-5 -149 0
-5 -152 0
-5 -155 0
-5 -157 0
-5 -159 0
-5 -167 0
-5 -170 0
-5 -173 0
-5 -175 0
-5 -177 0
-10 -4 0
-10 -9 0
-10 -14 0
-10 -18 0
-10 -22 0
-10 -26 0
-10 -34 0
-10 -39 0
-10 -44 0
-10 -48 0
-10 -52 0
-10 -56 0
-10 -64 0
-10 -68 0
-10 -72 0
-10 -75 0
-10 -78 0
-10 -81 0
-10 -89 0
-10 -93 0
-10 -97 0
-10 -100 0
-10 -103 0
-10 -106 0
-10 -113 0
-10 -116 0
-10 -119 0
-10 -121 0
-10 -123 0
-10 -125 0
-10 -131 0
-10 -134 0
-10 -137 0
-10 -139 0
-10 -141 0
-10 -143 0
-10 -149 0
-10 -152 0
-10 -155 0
-10 -157 0
-10 -159 0
-10 -161 0
-10 -167 0
-10 -170 0
-10 -173 0
-10 -175 0
-10 -177 0
-10 -179 0
-15 -9 0
-15 -14 0
-15 -18 0
-15 -22 0
-15 -26 0
-15 -29 0
-15 -39 0
-15 -44 0
-15 -48 0
-15 -52 0
-15 -56 0
-15 -59 0
-15 -68 0
-15 -72 0
-15 -75 0
-15 -78 0
-15 -81 0
-15 -84 0
-15 -93 0
-15 -97 0
-15 -100 0
-15 -103 0
-15 -106 0
-15 -109 0
-15 -116 0
-15 -119 0
-15 -121 0
-15 -123 0
-15 -125 0
-15 -127 0
-15 -134 0
-15 -137 0
-15 -139 0
-15 -141 0
-15 -143 0
-15 -145 0
-15 -152 0
-15 -155 0
-15 -157 0
-15 -159 0
-15 -161 0
-15 -163 0
-15 -170 0
-15 -173 0
-15 -175 0
-15 -177 0
-15 -179 0
-15 -181 0
-19 -14 0
-19 -18 0
-19 -22 0
-19 -26 0
-19 -29 0
-19 -30 0
-19 -44 0
-19 -48 0
-19 -52 0
-19 -56 0
-19 -59 0
-19 -60 0
-19 -72 0
-19 -75 0
-19 -78 0
-19 -81 0
-19 -84 0
-19 -85 0
-19 -97 0
-19 -100 0
-19 -103 0
-19 -106 0
-19 -109 0
-19 -110 0
-19 -119 0
-19 -121 0
-19 -123 0
-19 -125 0
-19 -127 0
-19 -128 0
-19 -137 0
-19 -139 0
-19 -141 0
-19 -143 0
-19 -145 0
-19 -146 0
-19 -155 0
-19 -157 0
-19 -159 0
-19 -161 0
-19 -163 0
-19 -164 0
-19 -173 0
-19 -175 0
-19 -177 0
-19 -179 0
-19 -181 0
-19 -182 0
-23 -18 0
-23 -22 0
-23 -26 0
-23 -29 0
-23 -30 0
-23 -48 0
-23 -52 0
-23 -56 0
-23 -59 0
-23 -60 0
-23 -75 0
-23 -78 0
-23 -81 0
-23 -84 0
-23 -85 0
-23 -100 0
-23 -103 0
-23 -106 0
-23 -109 0
-23 -110 0
-23 -121 0
-23 -123 0
-23 -125 0
-23 -127 0
-23 -128 0
-23 -139 0
-23 -141 0
-23 -143 0
-23 -145 0
-23 -146 0
-23 -157 0
-23 -159 0
-23 -161 0
-23 -163 0
-23 -164 0
-23 -175 0
-23 -177 0
-23 -179 0
-23 -181 0
-23 -182 0
-35 -4 0
-35 -9 0
-35 -14 0
-35 -18 0
-35 -22 0
-35 -34 0
-35 -39 0
-35 -44 0
-35 -48 0
-35 -52 0
-35 -64 0
-35 -68 0
-35 -72 0
-35 -75 0
-35 -78 0
-35 -89 0
-35 -93 0
-35 -97 0
-35 -100 0
-35 -103 0
-35 -113 0
-35 -116 0
-35 -119 0
-35 -121 0
-35 -123 0
-35 -131 0
-35 -134 0
-35 -137 0
-35 -139 0
-35 -141 0
-35 -149 0
-35 -152 0
-35 -155 0
-35 -157 0
-35 -159 0
-35 -167 0
-35 -170 0
-35 -173 0
-35 -175 0
-35 -177 0
-40 -4 0
-40 -9 0
-40 -14 0
-40 -18 0
-40 -22 0
-40 -26 0
-40 -34 0
-40 -39 0
-40 -44 0
-40 -48 0
-40 -52 0
-40 -56 0
-40 -64 0
-40 -68 0
-40 -72 0
-40 -75 0
-40 -78 0
-40 -81 0
-40 -89 0
-40 -93 0
-40 -97 0
-40 -100 0
-40 -103 0
-40 -106 0
-40 -113 0
-40 -116 0
-40 -119 0
-40 -121 0
-40 -123 0
-40 -125 0
-40 -131 0
-40 -134 0
-40 -137 0
-40 -139 0
-40 -141 0
-40 -143 0
-40 -149 0
-40 -152 0
-40 -155 0
-40 -157 0
-40 -159 0
-40 -161 0
-40 -167 0
-40 -170 0
-40 -173 0
-40 -175 0
-40 -177 0
-40 -179 0
-45 -9 0
-45 -14 0
-45 -18 0
-45 -22 0
-45 -26 0
-45 -29 0
-45 -39 0
-45 -44 0
-45 -48 0
-45 -52 0
-45 -56 0
-45 -59 0
-45 -68 0
-45 -72 0
-45 -75 0
-45 -78 0
-45 -81 0
-45 -84 0
-45 -93 0
-45 -97 0
-45 -100 0
-45 -103 0
-45 -106 0
-45 -109 0
-45 -116 0
-45 -119 0
-45 -121 0
-45 -123 0
-45 -125 0
-45 -127 0
-45 -134 0
-45 -137 0
-45 -139 0
-45 -141 0
-45 -143 0
-45 -145 0
-45 -152 0
-45 -155 0
-45 -157 0
-45 -159 0
-45 -161 0
-45 -163 0
-45 -170 0
-45 -173 0
-45 -175 0
-45 -177 0
-45 -179 0
-45 -181 0
-49 -14 0
-49 -18 0
-49 -22 0
-49 -26 0
-49 -29 0
-49 -30 0
-49 -44 0
-49 -48 0
-49 -52 0
-49 -56 0
-49 -59 0
-49 -60 0
-49 -72 0
-49 -75 0
-49 -78 0
-49 -81 0
-49 -84 0
-49 -85 0
-49 -97 0
-49 -100 0
-49 -103 0
-49 -106 0
-49 -109 0
-49 -110 0
-49 -119 0
-49 -121 0
-49 -123 0
-49 -125 0
-49 -127 0
-49 -128 0
-49 -137 0
-49 -139 0
-49 -141 0
-49 -143 0
-49 -145 0
-49 -146 0
-49 -155 0
-49 -157 0
-49 -159 0
-49 -161 0
-49 -163 0
-49 -164 0
-49 -173 0
-49 -175 0
-49 -177 0
-49 -179 0
-49 -181 0
-49 -182 0
-53 -18 0
-53 -22 0
-53 -26 0
-53 -29 0
-53 -30 0
-53 -48 0
-53 -52 0
-53 -56 0
-53 -59 0
-53 -60 0
-53 -75 0
-53 -78 0
-53 -81 0
-53 -84 0
-53 -85 0
-53 -100 0
-53 -103 0
-53 -106 0
-53 -109 0
-53 -110 0
-53 -121 0
-53 -123 0
-53 -125 0
-53 -127 0
-53 -128 0
-53 -139 0
-53 -141 0
-53 -143 0
-53 -145 0
-53 -146 0
-53 -157 0
-53 -159 0
-53 -161 0
-53 -163 0
-53 -164 0
-53 -175 0
-53 -177 0
-53 -179 0
-53 -181 0
-53 -182 0
