p cnf 81 907
1 6 11 15 17 19 24 29 33 35 0
2 7 12 20 25 30 37 41 45 50 54 58 63 67 71 76 78 80 0
3 8 13 21 26 31 38 42 46 51 55 59 64 68 72 77 79 81 0
4 9 14 16 18 22 27 32 34 36 39 43 47 48 49 52 56 60 61 62 65 69 73 74 75 0
5 10 23 28 40 44 53 57 66 70 0
-1 -2 0
-1 -7 0
-1 -20 0
-1 -25 0
-1 -37 0
-1 -41 0
-1 -50 0
-1 -54 0
-1 -63 0
-1 -67 0
-6 -7 0
-6 -12 0
-6 -25 0
-6 -30 0
-6 -41 0
-6 -45 0
-6 -54 0
-6 -58 0
-6 -67 0
-6 -71 0
-11 -2 0
-11 -12 0
-11 -20 0
-11 -30 0
-11 -37 0
-11 -45 0
-11 -50 0
-11 -58 0
-11 -63 0
-11 -71 0
-15 -2 0
-15 -7 0
-15 -20 0
-15 -25 0
-15 -37 0
-15 -41 0
-15 -50 0
-15 -54 0
-15 -63 0
-15 -67 0
-17 -7 0
-17 -12 0
-17 -25 0
-17 -30 0
-17 -41 0
-17 -45 0
-17 -54 0
-17 -58 0
-17 -67 0
-17 -71 0
-19 -20 0
-19 -25 0
-19 -37 0
-19 -41 0
-19 -50 0
-19 -54 0
-19 -63 0
-19 -67 0
-19 -76 0
-19 -78 0
-24 -25 0
-24 -30 0
-24 -41 0
-24 -45 0
-24 -54 0
-24 -58 0
-24 -67 0
-24 -71 0
-24 -78 0
-24 -80 0
-29 -20 0
-29 -30 0
-29 -37 0
-29 -45 0
-29 -50 0
-29 -58 0
-29 -63 0
-29 -71 0
-29 -76 0
-29 -80 0
-33 -20 0
-33 -25 0
-33 -37 0
-33 -41 0
-33 -50 0
-33 -54 0
-33 -63 0
-33 -67 0
-33 -76 0
-33 -78 0
-35 -25 0
-35 -30 0
-35 -41 0
-35 -45 0
-35 -54 0
-35 -58 0
-35 -67 0
-35 -71 0
-35 -78 0
-35 -80 0
-1 -3 0
-1 -8 0
-1 -21 0
-1 -26 0
-1 -38 0
-1 -42 0
-1 -51 0
-1 -55 0
-1 -64 0
-1 -68 0
-6 -8 0
-6 -13 0
-6 -26 0
-6 -31 0
-6 -42 0
-6 -46 0
-6 -55 0
-6 -59 0
-6 -68 0
-6 -72 0
-11 -3 0
-11 -13 0
-11 -21 0
-11 -31 0
-11 -38 0
-11 -46 0
-11 -51 0
-11 -59 0
-11 -64 0
-11 -72 0
-15 -3 0
-15 -8 0
-15 -21 0
-15 -26 0
-15 -38 0
-15 -42 0
-15 -51 0
-15 -55 0
-15 -64 0
-15 -68 0
-17 -8 0
-17 -13 0
-17 -26 0
-17 -31 0
-17 -42 0
-17 -46 0
-17 -55 0
-17 -59 0
-17 -68 0
-17 -72 0
-19 -21 0
-19 -26 0
-19 -38 0
-19 -42 0
-19 -51 0
-19 -55 0
-19 -64 0
-19 -68 0
-19 -77 0
-19 -79 0
-24 -26 0
-24 -31 0
-24 -42 0
-24 -46 0
-24 -55 0
-24 -59 0
-24 -68 0
-24 -72 0
-24 -79 0
-24 -81 0
-29 -21 0
-29 -31 0
-29 -38 0
-29 -46 0
-29 -51 0
-29 -59 0
-29 -64 0
-29 -72 0
-29 -77 0
-29 -81 0
-33 -21 0
-33 -26 0
-33 -38 0
-33 -42 0
-33 -51 0
-33 -55 0
-33 -64 0
-33 -68 0
-33 -77 0
-33 -79 0
-35 -26 0
-35 -31 0
-35 -42 0
-35 -46 0
-35 -55 0
-35 -59 0
-35 -68 0
-35 -72 0
-35 -79 0
-35 -81 0
-1 -4 0
-1 -9 0
-1 -22 0
-1 -27 0
-1 -39 0
-1 -43 0
-1 -52 0
-1 -56 0
-1 -65 0
-1 -69 0
-6 -4 0
-6 -9 0
-6 -14 0
-6 -22 0
-6 -27 0
-6 -32 0
-6 -39 0
-6 -43 0
-6 -47 0
-6 -52 0
-6 -56 0
-6 -60 0
-6 -65 0
-6 -69 0
-6 -73 0
-11 -9 0
-11 -14 0
-11 -16 0
-11 -27 0
-11 -32 0
-11 -34 0
-11 -43 0
-11 -47 0
-11 -48 0
-11 -56 0
-11 -60 0
-11 -61 0
-11 -69 0
-11 -73 0
-11 -74 0
-15 -14 0
-15 -16 0
-15 -18 0
-15 -32 0
-15 -34 0
-15 -36 0
-15 -47 0
-15 -48 0
-15 -49 0
-15 -60 0
-15 -61 0
-15 -62 0
-15 -73 0
-15 -74 0
-15 -75 0
-17 -16 0
-17 -18 0
-17 -34 0
-17 -36 0
-17 -48 0
-17 -49 0
-17 -61 0
-17 -62 0
-17 -74 0
-17 -75 0
-19 -4 0
-19 -9 0
-19 -22 0
-19 -27 0
-19 -39 0
-19 -43 0
-19 -52 0
-19 -56 0
-19 -65 0
-19 -69 0
-24 -4 0
-24 -9 0
-24 -14 0
-24 -22 0
-24 -27 0
-24 -32 0
-24 -39 0
-24 -43 0
-24 -47 0
-24 -52 0
-24 -56 0
-24 -60 0
-24 -65 0
-24 -69 0
-24 -73 0
-29 -9 0
-29 -14 0
-29 -16 0
-29 -27 0
-29 -32 0
-29 -34 0
-29 -43 0
-29 -47 0
-29 -48 0
-29 -56 0
-29 -60 0
-29 -61 0
-29 -69 0
-29 -73 0
-29 -74 0
-33 -14 0
-33 -16 0
-33 -18 0
-33 -32 0
-33 -34 0
-33 -36 0
-33 -47 0
-33 -48 0
-33 -49 0
-33 -60 0
-33 -61 0
-33 -62 0
-33 -73 0
-33 -74 0
-33 -75 0
-35 -16 0
-35 -18 0
-35 -34 0
-35 -36 0
-35 -48 0
-35 -49 0
-35 -61 0
-35 -62 0
-35 -74 0
-35 -75 0
-1 -5 0
-1 -10 0
-1 -23 0
-1 -28 0
-1 -40 0
-1 -44 0
-1 -53 0
-1 -57 0
-1 -66 0
-1 -70 0
-6 -10 0
-6 -28 0
-6 -44 0
-6 -57 0
-6 -70 0
-15 -5 0
-15 -23 0
-15 -40 0
-15 -53 0
-15 -66 0
-17 -5 0
-17 -10 0
-17 -23 0
-17 -28 0
-17 -40 0
-17 -44 0
-17 -53 0
-17 -57 0
-17 -66 0
-17 -70 0
-19 -5 0
-19 -10 0
-19 -23 0
-19 -28 0
-19 -40 0
-19 -44 0
-19 -53 0
-19 -57 0
-19 -66 0
-19 -70 0
-24 -10 0
-24 -28 0
-24 -44 0
-24 -57 0
-24 -70 0
-33 -5 0
-33 -23 0
-33 -40 0
-33 -53 0
-33 -66 0
-35 -5 0
-35 -10 0
-35 -23 0
-35 -28 0
-35 -40 0
-35 -44 0
-35 -53 0
-35 -57 0
-35 -66 0
-35 -70 0
-2 -3 0
-2 -8 0
-2 -13 0
-7 -3 0
-7 -8 0
-7 -13 0
-12 -3 0
-12 -8 0
-12 -13 0
-20 -21 0
-20 -26 0
-20 -31 0
-25 -21 0
-25 -26 0
-25 -31 0
-30 -21 0
-30 -26 0
-30 -31 0
-37 -38 0
-37 -42 0
-37 -46 0
-41 -38 0
-41 -42 0
-41 -46 0
-45 -38 0
-45 -42 0
-45 -46 0
-50 -51 0
-50 -55 0
-50 -59 0
-54 -51 0
-54 -55 0
-54 -59 0
-58 -51 0
-58 -55 0
-58 -59 0
-63 -64 0
-63 -68 0
-63 -72 0
-67 -64 0
-67 -68 0
-67 -72 0
-71 -64 0
-71 -68 0
-71 -72 0
-76 -77 0
-76 -79 0
-76 -81 0
-78 -77 0
-78 -79 0
-78 -81 0
-80 -77 0
-80 -79 0
-80 -81 0
-2 -4 0
-2 -9 0
-2 -14 0
-2 -16 0
-7 -4 0
-7 -9 0
-7 -14 0
-7 -16 0
-7 -18 0
-12 -9 0
-12 -14 0
-12 -16 0
-12 -18 0
-20 -4 0
-20 -9 0
-20 -14 0
-20 -16 0
-20 -22 0
-20 -27 0
-20 -32 0
-20 -34 0
-25 -4 0
-25 -9 0
-25 -14 0
-25 -16 0
-25 -18 0
-25 -22 0
-25 -27 0
-25 -32 0
-25 -34 0
-25 -36 0
-30 -9 0
-30 -14 0
-30 -16 0
-30 -18 0
-30 -27 0
-30 -32 0
-30 -34 0
-30 -36 0
-37 -22 0
-37 -27 0
-37 -32 0
-37 -34 0
-37 -39 0
-37 -43 0
-37 -47 0
-37 -48 0
-41 -22 0
-41 -27 0
-41 -32 0
-41 -34 0
-41 -36 0
-41 -39 0
-41 -43 0
-41 -47 0
-41 -48 0
-41 -49 0
-45 -27 0
-45 -32 0
-45 -34 0
-45 -36 0
-45 -43 0
-45 -47 0
-45 -48 0
-45 -49 0
-50 -39 0
-50 -43 0
-50 -47 0
-50 -48 0
-50 -52 0
-50 -56 0
-50 -60 0
-50 -61 0
-54 -39 0
-54 -43 0
-54 -47 0
-54 -48 0
-54 -49 0
-54 -52 0
-54 -56 0
-54 -60 0
-54 -61 0
-54 -62 0
-58 -43 0
-58 -47 0
-58 -48 0
-58 -49 0
-58 -56 0
-58 -60 0
-58 -61 0
-58 -62 0
-63 -52 0
-63 -56 0
-63 -60 0
-63 -61 0
-63 -65 0
-63 -69 0
-63 -73 0
-63 -74 0
-67 -52 0
-67 -56 0
-67 -60 0
-67 -61 0
-67 -62 0
-67 -65 0
-67 -69 0
-67 -73 0
-67 -74 0
-67 -75 0
-71 -56 0
-71 -60 0
-71 -61 0
-71 -62 0
-71 -69 0
-71 -73 0
-71 -74 0
-71 -75 0
-76 -65 0
-76 -69 0
-76 -73 0
-76 -74 0
-78 -65 0
-78 -69 0
-78 -73 0
-78 -74 0
-78 -75 0
-80 -69 0
-80 -73 0
-80 -74 0
-80 -75 0
-2 -5 0
-2 -10 0
-7 -5 0
-7 -10 0
-12 -5 0
-12 -10 0
-20 -5 0
-20 -10 0
-20 -23 0
-20 -28 0
-25 -5 0
-25 -10 0
-25 -23 0
-25 -28 0
-30 -5 0
-30 -10 0
-30 -23 0
-30 -28 0
-37 -23 0
-37 -28 0
-37 -40 0
-37 -44 0
-41 -23 0
-41 -28 0
-41 -40 0
-41 -44 0
-45 -23 0
-45 -28 0
-45 -40 0
-45 -44 0
-50 -40 0
-50 -44 0
-50 -53 0
-50 -57 0
-54 -40 0
-54 -44 0
-54 -53 0
-54 -57 0
-58 -40 0
-58 -44 0
-58 -53 0
-58 -57 0
-63 -53 0
-63 -57 0
-63 -66 0
-63 -70 0
-67 -53 0
-67 -57 0
-67 -66 0
-67 -70 0
-71 -53 0
-71 -57 0
-71 -66 0
-71 -70 0
-76 -66 0
-76 -70 0
-78 -66 0
-78 -70 0
-80 -66 0
-80 -70 0
-3 -4 0
-3 -9 0
-3 -14 0
-3 -16 0
-8 -4 0
-8 -9 0
-8 -14 0
-8 -16 0
-8 -18 0
-13 -9 0
-13 -14 0
-13 -16 0
-13 -18 0
-21 -4 0
-21 -9 0
-21 -14 0
-21 -16 0
-21 -22 0
-21 -27 0
-21 -32 0
-21 -34 0
-26 -4 0
-26 -9 0
-26 -14 0
-26 -16 0
-26 -18 0
-26 -22 0
-26 -27 0
-26 -32 0
-26 -34 0
-26 -36 0
-31 -9 0
-31 -14 0
-31 -16 0
-31 -18 0
-31 -27 0
-31 -32 0
-31 -34 0
-31 -36 0
-38 -22 0
-38 -27 0
-38 -32 0
-38 -34 0
-38 -39 0
-38 -43 0
-38 -47 0
-38 -48 0
-42 -22 0
-42 -27 0
-42 -32 0
-42 -34 0
-42 -36 0
-42 -39 0
-42 -43 0
-42 -47 0
-42 -48 0
-42 -49 0
-46 -27 0
-46 -32 0
-46 -34 0
-46 -36 0
-46 -43 0
-46 -47 0
-46 -48 0
-46 -49 0
-51 -39 0
-51 -43 0
-51 -47 0
-51 -48 0
-51 -52 0
-51 -56 0
-51 -60 0
-51 -61 0
-55 -39 0
-55 -43 0
-55 -47 0
-55 -48 0
-55 -49 0
-55 -52 0
-55 -56 0
-55 -60 0
-55 -61 0
-55 -62 0
-59 -43 0
-59 -47 0
-59 -48 0
-59 -49 0
-59 -56 0
-59 -60 0
-59 -61 0
-59 -62 0
-64 -52 0
-64 -56 0
-64 -60 0
-64 -61 0
-64 -65 0
-64 -69 0
-64 -73 0
-64 -74 0
-68 -52 0
-68 -56 0
-68 -60 0
-68 -61 0
-68 -62 0
-68 -65 0
-68 -69 0
-68 -73 0
-68 -74 0
-68 -75 0
-72 -56 0
-72 -60 0
-72 -61 0
-72 -62 0
-72 -69 0
-72 -73 0
-72 -74 0
-72 -75 0
-77 -65 0
-77 -69 0
-77 -73 0
-77 -74 0
-79 -65 0
-79 -69 0
-79 -73 0
-79 -74 0
-79 -75 0
-81 -69 0
-81 -73 0
-81 -74 0
-81 -75 0
-3 -5 0
-3 -10 0
-8 -5 0
-8 -10 0
-13 -5 0
-13 -10 0
-21 -5 0
-21 -10 0
-21 -23 0
-21 -28 0
-26 -5 0
-26 -10 0
-26 -23 0
-26 -28 0
-31 -5 0
-31 -10 0
-31 -23 0
-31 -28 0
-38 -23 0
-38 -28 0
-38 -40 0
-38 -44 0
-42 -23 0
-42 -28 0
-42 -40 0
-42 -44 0
-46 -23 0
-46 -28 0
-46 -40 0
-46 -44 0
-51 -40 0
-51 -44 0
-51 -53 0
-51 -57 0
-55 -40 0
-55 -44 0
-55 -53 0
-55 -57 0
-59 -40 0
-59 -44 0
-59 -53 0
-59 -57 0
-64 -53 0
-64 -57 0
-64 -66 0
-64 -70 0
-68 -53 0
-68 -57 0
-68 -66 0
-68 -70 0
-72 -53 0
-72 -57 0
-72 -66 0
-72 -70 0
-77 -66 0
-77 -70 0
-79 -66 0
-79 -70 0
-81 -66 0
-81 -70 0
-4 -5 0
-4 -10 0
-4 -23 0
-4 -28 0
-9 -10 0
-9 -28 0
-16 -5 0
-16 -23 0
-18 -5 0
-18 -10 0
-18 -23 0
-18 -28 0
-22 -5 0
-22 -10 0
-22 -23 0
-22 -28 0
-22 -40 0
-22 -44 0
-27 -10 0
-27 -28 0
-27 -44 0
-34 -5 0
-34 -23 0
-34 -40 0
-36 -5 0
-36 -10 0
-36 -23 0
-36 -28 0
-36 -40 0
-36 -44 0
-39 -23 0
-39 -28 0
-39 -40 0
-39 -44 0
-39 -53 0
-39 -57 0
-43 -28 0
-43 -44 0
-43 -57 0
-48 -23 0
-48 -40 0
-48 -53 0
-49 -23 0
-49 -28 0
-49 -40 0
-49 -44 0
-49 -53 0
-49 -57 0
-52 -40 0
-52 -44 0
-52 -53 0
-52 -57 0
-52 -66 0
-52 -70 0
-56 -44 0
-56 -57 0
-56 -70 0
-61 -40 0
-61 -53 0
-61 -66 0
-62 -40 0
-62 -44 0
-62 -53 0
-62 -57 0
-62 -66 0
-62 -70 0
-65 -53 0
-65 -57 0
-65 -66 0
-65 -70 0
-69 -57 0
-69 -70 0
-74 -53 0
-74 -66 0
-75 -53 0
-75 -57 0
-75 -66 0
-75 -70 0
