250
3187
0 2 0.657
0 20 0.193
0 30 0.310
0 37 0.425
0 43 0.277
0 53 0.286
0 77 0.748
0 78 0.342
0 83 0.938
0 104 0.846
0 109 0.464
0 114 0.180
0 138 0.123
0 142 0.942
0 143 0.233
0 149 0.484
0 158 0.123
0 165 0.988
0 169 0.069
0 175 0.838
0 176 0.921
0 218 0.695
0 236 0.737
0 237 0.194
0 245 0.084
1 10 0.928
1 17 0.983
1 20 0.179
1 33 0.712
1 38 0.286
1 40 0.858
1 41 0.876
1 44 0.167
1 53 0.771
1 80 0.614
1 91 0.027
1 96 0.977
1 114 0.697
1 126 0.297
1 127 0.448
1 155 0.245
1 157 0.727
1 168 0.875
1 172 0.608
1 178 0.794
1 187 0.701
1 203 0.435
1 214 0.941
1 248 0.299
2 9 0.207
2 14 0.487
2 45 0.751
2 56 0.863
2 73 0.476
2 87 0.553
2 94 0.104
2 116 0.221
2 121 0.573
2 131 0.353
2 136 0.108
2 137 0.348
2 142 0.767
2 151 0.853
2 152 0.634
2 157 0.185
2 176 0.930
2 191 0.740
2 195 0.142
2 198 0.443
2 224 0.491
2 249 0.840
3 8 0.945
3 17 0.823
3 25 0.719
3 32 0.509
3 59 0.104
3 65 0.861
3 68 0.469
3 74 0.469
3 76 0.240
3 80 0.318
3 85 0.059
3 89 0.072
3 105 0.662
3 110 0.218
3 112 0.030
3 123 0.900
3 145 0.429
3 151 0.093
3 154 0.627
3 160 0.440
3 163 0.200
3 181 0.871
3 185 0.149
3 203 0.506
3 206 0.351
3 208 0.524
3 219 0.810
3 225 0.148
3 228 0.224
3 229 0.781
3 236 0.525
3 240 0.161
3 246 0.507
4 5 0.475
4 11 0.587
4 22 0.798
4 29 0.665
4 53 0.462
4 54 0.078
4 69 0.424
4 79 0.316
4 83 0.246
4 86 0.476
4 93 0.806
4 98 0.600
4 119 0.586
4 125 0.668
4 132 0.703
4 141 0.182
4 143 0.384
4 153 0.610
4 165 0.223
4 170 0.621
4 180 0.524
4 197 0.283
4 199 0.766
4 203 0.969
4 204 0.254
4 205 0.838
4 209 0.180
4 219 0.883
4 225 0.551
4 235 0.161
4 246 0.871
5 17 0.721
5 38 0.649
5 45 0.416
5 83 0.494
5 85 0.520
5 98 0.690
5 111 0.898
5 113 0.847
5 125 0.654
5 127 0.444
5 143 0.557
5 147 0.864
5 148 0.382
5 154 0.567
5 159 0.992
5 160 0.046
5 175 0.761
5 179 0.998
5 193 0.497
5 194 0.023
5 204 0.393
5 207 0.955
5 218 0.678
5 236 0.856
6 7 0.655
6 11 0.249
6 14 0.175
6 19 0.811
6 21 0.034
6 49 0.388
6 50 0.121
6 70 0.314
6 71 0.196
6 77 0.358
6 90 0.223
6 91 0.645
6 92 0.602
6 104 0.230
6 108 0.309
6 119 0.872
6 123 0.162
6 136 0.559
6 167 0.410
6 183 0.904
6 185 0.231
6 195 0.558
6 208 0.598
6 209 0.443
6 210 0.530
6 218 0.955
7 9 0.500
7 24 0.305
7 30 0.797
7 52 0.384
7 60 0.378
7 61 0.715
7 63 0.834
7 65 0.596
7 88 0.962
7 89 0.083
7 100 0.240
7 111 0.191
7 116 0.826
7 130 0.477
7 134 0.599
7 136 0.580
7 140 0.109
7 161 0.101
7 162 0.682
7 164 0.965
7 168 0.203
7 169 0.673
7 173 0.364
7 178 0.965
7 198 0.040
7 217 0.445
7 240 0.783
8 11 0.702
8 12 0.981
8 15 0.555
8 23 0.018
8 39 0.224
8 42 0.867
8 45 0.601
8 46 0.083
8 61 0.506
8 64 0.840
8 68 0.843
8 73 0.114
8 104 0.365
8 113 0.696
8 117 0.744
8 120 0.254
8 135 0.568
8 164 0.415
8 165 0.049
8 173 0.553
8 178 0.484
8 192 0.570
8 195 0.319
8 209 0.187
8 219 0.521
8 234 0.464
8 237 0.160
8 238 0.167
8 239 0.952
9 18 0.313
9 20 0.688
9 60 0.317
9 65 0.517
9 75 0.104
9 79 0.280
9 102 0.334
9 115 0.281
9 120 0.422
9 124 0.230
9 151 0.172
9 163 0.094
9 182 0.743
9 195 0.622
9 210 0.986
9 227 0.066
9 239 0.553
9 243 0.881
10 17 0.339
10 18 0.308
10 52 0.974
10 56 0.644
10 64 0.079
10 76 0.411
10 103 0.766
10 126 0.890
10 134 0.727
10 152 0.356
10 165 0.895
10 189 0.089
10 224 0.724
10 225 0.885
10 238 0.749
11 15 0.703
11 25 0.624
11 62 0.945
11 68 0.814
11 71 0.883
11 78 0.833
11 82 0.396
11 87 0.232
11 91 0.813
11 98 0.547
11 106 0.135
11 107 0.583
11 114 0.827
11 118 0.480
11 131 0.368
11 136 0.570
11 141 0.179
11 142 0.278
11 183 0.179
11 190 0.188
11 197 0.471
11 200 0.766
11 204 0.939
11 213 0.547
11 243 0.719
11 247 0.729
12 24 0.367
12 32 0.610
12 43 0.090
12 56 0.470
12 70 0.229
12 79 0.312
12 81 0.638
12 92 0.800
12 93 0.217
12 94 0.189
12 104 0.705
12 106 0.848
12 111 0.766
12 129 0.364
12 132 0.375
12 134 0.606
12 135 0.909
12 145 0.259
12 159 0.083
12 163 0.501
12 182 0.361
12 205 0.900
12 206 0.460
12 240 0.568
13 15 0.049
13 22 0.335
13 30 0.580
13 32 0.888
13 50 0.342
13 60 0.201
13 64 0.431
13 83 0.873
13 88 0.265
13 91 0.746
13 105 0.646
13 108 0.475
13 110 0.303
13 111 0.558
13 135 0.083
13 154 0.973
13 167 0.224
13 173 0.411
13 190 0.598
13 192 0.667
13 201 0.430
13 207 0.448
13 210 0.914
13 223 0.172
13 234 0.028
13 242 0.082
13 247 0.049
14 34 0.912
14 40 0.686
14 44 0.422
14 49 0.723
14 51 0.017
14 57 0.646
14 62 0.502
14 68 0.865
14 72 0.316
14 75 0.931
14 78 0.468
14 96 0.402
14 113 0.670
14 120 0.694
14 121 0.949
14 125 0.897
14 130 0.694
14 143 0.699
14 147 0.702
14 162 0.408
14 171 0.068
14 191 0.998
14 194 0.236
14 209 0.845
14 210 0.551
14 217 0.520
14 218 0.457
14 232 0.617
14 238 0.532
14 244 0.519
15 40 0.860
15 42 0.062
15 49 0.239
15 55 0.755
15 81 0.644
15 86 0.870
15 128 0.301
15 129 0.821
15 131 0.145
15 148 0.916
15 149 0.981
15 153 0.684
15 168 0.224
15 187 0.527
15 197 0.640
15 216 0.889
15 224 0.947
15 226 0.839
15 227 0.691
15 233 0.747
16 31 0.172
16 32 0.470
16 39 0.313
16 52 0.268
16 57 0.182
16 59 0.006
16 61 0.960
16 63 0.565
16 79 0.668
16 81 0.366
16 86 0.352
16 94 0.911
16 96 0.562
16 107 0.198
16 108 0.626
16 125 0.236
16 126 0.188
16 146 0.557
16 154 0.353
16 155 0.269
16 160 0.188
16 163 0.939
16 187 0.694
16 190 0.642
16 197 0.653
16 207 0.388
16 223 0.940
16 229 0.999
16 233 0.168
16 234 0.333
17 19 0.879
17 23 0.180
17 51 0.690
17 57 0.576
17 66 0.691
17 67 0.052
17 83 0.784
17 89 0.285
17 93 0.947
17 108 0.185
17 117 0.274
17 130 0.058
17 135 0.061
17 148 0.106
17 165 0.407
17 176 0.970
17 183 0.263
17 184 0.194
17 193 0.856
17 212 0.729
17 213 0.861
17 221 0.659
17 225 0.239
17 233 0.461
17 245 0.132
18 27 0.377
18 38 0.291
18 45 0.129
18 48 0.861
18 50 0.207
18 55 0.603
18 68 0.580
18 118 0.030
18 125 0.348
18 127 0.045
18 132 0.581
18 167 0.784
18 171 0.229
18 175 0.108
18 194 0.625
18 206 0.843
18 236 0.346
18 243 0.481
19 21 0.972
19 26 0.814
19 30 0.421
19 37 0.720
19 40 0.853
19 45 0.051
19 49 0.066
19 55 0.632
19 57 0.752
19 74 0.859
19 86 0.769
19 91 0.588
19 94 0.253
19 99 0.278
19 120 0.856
19 122 0.818
19 124 0.836
19 127 0.567
19 129 0.456
19 137 0.601
19 153 0.079
19 192 0.021
19 199 0.491
19 218 0.544
19 239 0.981
19 243 0.408
19 249 0.371
20 29 0.520
20 42 0.104
20 44 0.200
20 56 0.365
20 63 0.691
20 79 0.712
20 87 0.646
20 91 0.963
20 92 0.549
20 99 0.029
20 116 0.385
20 122 0.069
20 127 0.829
20 140 0.381
20 147 0.168
20 149 0.692
20 152 0.776
20 161 0.946
20 177 0.819
20 178 0.614
20 195 0.221
20 206 0.495
20 223 0.677
21 25 0.962
21 30 0.344
21 42 0.056
21 72 0.708
21 78 0.803
21 96 0.757
21 110 0.176
21 114 0.313
21 128 0.690
21 129 0.263
21 137 0.591
21 144 0.415
21 145 0.901
21 161 0.375
21 178 0.592
21 179 0.948
21 189 0.365
21 190 0.919
21 203 0.955
21 215 0.963
21 221 0.458
21 222 0.796
21 228 0.761
21 232 0.739
21 249 0.290
22 36 0.406
22 58 0.156
22 60 0.075
22 84 0.102
22 90 0.709
22 106 0.847
22 117 0.982
22 130 0.383
22 133 0.689
22 136 0.434
22 138 0.176
22 144 0.095
22 152 0.755
22 182 0.703
22 184 0.348
22 185 0.011
22 192 0.381
22 196 0.325
22 226 0.168
23 25 0.165
23 27 0.293
23 60 0.975
23 73 0.645
23 74 0.397
23 111 0.163
23 122 0.950
23 126 0.107
23 136 0.976
23 141 0.197
23 142 0.543
23 150 0.913
23 151 0.941
23 191 0.223
23 193 0.530
23 198 0.748
23 221 0.058
23 225 0.077
23 232 0.815
23 246 0.964
24 34 0.825
24 40 0.530
24 54 0.200
24 61 0.461
24 69 0.714
24 72 0.744
24 82 0.964
24 89 0.244
24 94 0.722
24 101 0.795
24 104 0.429
24 110 0.317
24 113 0.444
24 116 0.047
24 118 0.156
24 169 0.596
24 182 0.908
24 189 0.923
24 224 0.863
24 235 0.894
24 246 0.504
24 247 0.493
25 27 0.192
25 32 0.657
25 33 0.933
25 43 0.077
25 67 0.273
25 73 0.566
25 78 0.663
25 90 0.126
25 105 0.908
25 106 0.099
25 115 0.105
25 123 0.486
25 124 0.301
25 131 0.711
25 146 0.131
25 152 0.219
25 154 0.438
25 169 0.055
25 181 0.581
25 186 0.179
25 188 0.096
25 205 0.407
25 206 0.996
25 215 0.516
25 236 0.346
25 249 0.319
26 29 0.646
26 43 0.770
26 55 0.171
26 60 0.793
26 71 0.052
26 107 0.396
26 108 0.658
26 109 0.160
26 113 0.058
26 124 0.915
26 135 0.270
26 142 0.634
26 145 0.544
26 149 0.379
26 152 0.973
26 164 0.720
26 165 0.025
26 194 0.553
26 197 0.125
26 201 0.761
26 203 0.601
26 206 0.945
26 229 0.680
26 230 0.452
26 236 0.786
27 28 0.023
27 35 0.927
27 38 0.512
27 41 0.581
27 42 0.140
27 58 0.248
27 63 0.202
27 65 0.132
27 66 0.547
27 67 0.534
27 71 0.415
27 82 0.354
27 84 0.978
27 87 0.885
27 88 0.183
27 96 0.371
27 104 0.954
27 126 0.395
27 130 0.806
27 138 0.400
27 139 0.550
27 140 0.156
27 160 0.464
27 166 0.062
27 190 0.074
27 215 0.585
27 223 0.950
27 225 0.305
28 50 0.858
28 51 0.646
28 56 0.525
28 61 0.711
28 72 0.420
28 77 0.106
28 83 0.838
28 100 0.180
28 101 0.242
28 131 0.142
28 133 0.021
28 137 0.418
28 145 0.104
28 159 0.191
28 181 0.958
28 183 0.548
28 191 0.930
28 208 0.049
28 242 0.672
29 37 0.820
29 51 0.306
29 72 0.768
29 90 0.906
29 105 0.381
29 129 0.442
29 148 0.416
29 149 0.107
29 150 0.268
29 170 0.062
29 190 0.306
29 195 0.379
29 217 0.461
29 224 0.815
29 230 0.285
29 233 0.198
29 240 0.176
30 31 0.366
30 42 0.073
30 51 0.554
30 54 0.999
30 80 0.471
30 83 0.519
30 86 0.983
30 88 0.472
30 108 0.714
30 125 0.974
30 156 0.210
30 175 0.057
30 190 0.186
30 202 0.287
30 227 0.017
30 228 0.737
30 230 0.872
31 36 0.354
31 42 0.322
31 63 0.689
31 81 0.363
31 82 0.112
31 96 0.947
31 103 0.545
31 124 0.021
31 140 0.479
31 147 0.735
31 160 0.351
31 167 0.726
31 177 0.305
31 186 0.332
31 212 0.985
31 214 0.998
31 216 0.282
31 227 0.428
31 232 0.877
31 240 0.533
32 34 0.528
32 48 0.042
32 51 0.514
32 66 0.546
32 84 0.564
32 86 0.574
32 89 0.681
32 95 0.192
32 100 0.635
32 108 0.813
32 120 0.937
32 125 0.970
32 129 0.031
32 147 0.562
32 153 0.329
32 156 0.629
32 174 0.151
32 177 0.455
32 190 0.954
32 203 0.401
32 221 0.542
32 237 0.933
32 240 0.257
32 246 0.459
33 35 0.873
33 38 0.328
33 63 0.920
33 77 0.483
33 78 0.094
33 103 0.717
33 106 0.968
33 113 0.676
33 127 0.747
33 129 0.567
33 130 0.430
33 132 0.246
33 140 0.467
33 149 0.790
33 155 0.501
33 187 0.180
33 222 0.548
33 229 0.072
33 239 0.807
33 248 0.109
34 36 0.243
34 49 0.349
34 62 0.478
34 63 0.932
34 66 0.924
34 81 0.619
34 108 0.205
34 121 0.161
34 122 0.673
34 126 0.573
34 133 0.649
34 145 0.056
34 151 0.210
34 171 0.853
34 177 0.633
34 183 0.237
34 194 0.155
34 195 0.375
34 199 0.366
34 217 0.245
34 228 0.787
34 242 0.209
34 245 0.214
35 50 0.423
35 51 0.804
35 56 0.099
35 59 0.493
35 67 0.982
35 97 0.881
35 106 0.623
35 108 0.061
35 110 0.964
35 111 0.492
35 118 0.591
35 120 0.869
35 134 0.971
35 144 0.788
35 150 0.175
35 151 0.684
35 155 0.070
35 169 0.239
35 170 0.315
35 171 0.908
35 173 0.117
35 179 0.673
35 188 0.419
35 189 0.017
35 191 0.727
35 192 0.511
35 201 0.822
35 209 0.251
35 212 0.550
35 221 0.483
35 233 0.233
36 87 0.778
36 89 0.982
36 91 0.120
36 108 0.689
36 124 0.761
36 130 0.461
36 135 0.987
36 136 0.288
36 138 0.298
36 149 0.164
36 170 0.108
36 172 0.877
36 194 0.870
36 219 0.954
36 221 0.472
36 223 0.022
36 237 0.767
36 239 0.761
37 41 0.869
37 57 0.098
37 59 0.637
37 72 0.103
37 75 0.596
37 92 0.261
37 97 0.917
37 99 0.451
37 103 0.166
37 106 0.452
37 121 0.393
37 132 0.176
37 169 0.449
37 170 0.268
37 176 0.939
37 197 0.562
37 206 0.929
37 215 0.888
37 227 0.091
37 231 0.173
37 233 0.713
37 236 0.195
38 44 0.245
38 52 0.896
38 70 0.085
38 76 0.014
38 79 0.164
38 83 0.908
38 97 0.591
38 98 0.037
38 101 0.003
38 118 0.254
38 174 0.831
38 185 0.019
38 192 0.204
38 197 0.755
38 216 0.377
38 223 0.419
38 226 0.241
38 239 0.823
39 40 0.799
39 47 0.744
39 59 0.082
39 86 0.912
39 88 0.557
39 91 0.084
39 92 0.853
39 100 0.503
39 106 0.417
39 113 0.243
39 123 0.888
39 133 0.704
39 137 0.257
39 141 0.329
39 143 0.662
39 148 0.984
39 157 0.279
39 166 0.567
39 177 0.332
39 179 0.944
39 203 0.997
39 233 0.102
40 42 0.889
40 57 0.326
40 63 0.925
40 65 0.283
40 66 0.045
40 72 0.775
40 99 0.491
40 101 0.352
40 104 0.906
40 105 0.108
40 110 0.987
40 113 0.978
40 114 0.457
40 124 0.552
40 155 0.344
40 163 0.716
40 165 0.305
40 168 0.271
40 190 0.476
40 215 0.547
40 216 0.170
40 218 0.350
40 232 0.428
40 245 0.498
41 61 0.496
41 70 0.272
41 80 0.837
41 81 0.506
41 84 0.525
41 104 0.379
41 114 0.157
41 116 0.316
41 120 0.943
41 122 0.530
41 129 0.782
41 146 0.286
41 163 0.621
41 168 0.010
41 208 0.568
41 238 0.491
41 239 0.815
41 247 0.510
42 82 0.807
42 90 0.120
42 110 0.023
42 120 0.959
42 131 0.787
42 136 0.384
42 141 0.368
42 143 0.510
42 144 0.673
42 147 0.917
42 148 0.454
42 154 0.343
42 173 0.167
42 174 0.189
42 175 0.731
42 180 0.882
42 185 0.895
42 193 0.292
42 212 0.223
42 216 0.494
43 51 0.395
43 61 0.391
43 66 0.378
43 67 0.323
43 74 0.239
43 83 0.034
43 84 0.015
43 100 0.161
43 104 0.045
43 105 0.517
43 121 0.190
43 122 0.848
43 128 0.177
43 166 0.923
43 173 0.394
43 177 0.761
43 186 0.886
43 188 0.104
43 191 0.020
43 197 0.118
43 200 0.112
43 209 0.431
43 225 0.221
43 233 0.457
43 244 0.634
43 245 0.763
43 248 0.641
44 70 0.701
44 109 0.740
44 115 0.452
44 121 0.473
44 130 0.915
44 135 0.491
44 158 0.436
44 166 0.405
44 173 0.511
44 175 0.062
44 177 0.024
44 180 0.805
44 181 0.394
44 185 0.088
44 192 0.880
44 205 0.747
44 223 0.408
44 232 0.545
44 236 0.388
44 238 0.649
45 53 0.074
45 70 0.583
45 80 0.143
45 82 0.370
45 102 0.047
45 108 0.830
45 160 0.206
45 161 0.116
45 168 0.436
45 175 0.509
45 176 0.776
45 178 0.918
45 188 0.240
45 191 0.782
45 217 0.701
45 222 0.290
45 241 0.535
46 48 0.221
46 49 0.893
46 51 0.064
46 53 0.332
46 54 0.703
46 55 0.837
46 61 0.376
46 62 0.667
46 75 0.525
46 107 0.451
46 151 0.080
46 156 0.589
46 171 0.057
46 173 0.890
46 176 0.732
46 193 0.700
46 203 0.875
46 211 0.428
46 223 0.486
46 225 0.102
46 245 0.866
47 48 0.940
47 66 0.569
47 80 0.044
47 90 0.189
47 117 0.568
47 118 0.501
47 119 0.602
47 139 0.677
47 148 0.752
47 162 0.173
47 176 0.579
47 183 0.127
47 197 0.827
47 204 0.864
47 214 0.272
47 221 0.263
47 240 0.234
47 242 0.044
48 58 0.196
48 65 0.232
48 67 0.093
48 95 0.636
48 97 0.979
48 108 0.377
48 119 0.303
48 120 0.498
48 131 0.988
48 156 0.208
48 157 0.897
48 159 0.944
48 168 0.824
48 176 0.697
48 186 0.862
48 197 0.459
48 204 0.019
48 205 0.178
48 210 0.294
48 213 0.175
48 239 0.556
49 55 0.158
49 58 0.208
49 70 0.382
49 78 0.292
49 87 0.817
49 104 0.694
49 112 0.760
49 120 0.557
49 128 0.743
49 148 0.937
49 154 0.862
49 160 0.566
49 169 0.537
49 178 0.191
49 183 0.123
49 184 0.914
49 186 0.713
49 190 0.501
49 201 0.486
49 229 0.449
49 231 0.629
49 234 0.815
49 245 0.496
50 52 0.097
50 53 0.020
50 65 0.169
50 77 0.859
50 84 0.928
50 115 0.302
50 120 0.699
50 125 0.752
50 134 0.741
50 137 0.839
50 145 0.444
50 146 0.444
50 151 0.379
50 152 0.306
50 161 0.240
50 178 0.383
50 193 0.073
50 198 0.020
50 204 0.780
50 209 0.611
50 213 0.075
50 221 0.839
50 222 0.035
50 230 0.982
51 64 0.060
51 68 0.094
51 77 0.059
51 84 0.714
51 104 0.391
51 116 0.485
51 138 0.072
51 176 0.683
51 185 0.081
51 201 0.999
51 203 0.413
51 227 0.232
51 240 0.261
51 241 0.934
51 243 0.442
51 244 0.661
51 246 0.503
52 72 0.519
52 91 0.116
52 95 0.035
52 96 0.621
52 124 0.900
52 128 0.923
52 131 0.803
52 135 0.040
52 137 0.594
52 140 0.666
52 147 0.429
52 153 0.632
52 166 0.072
52 181 0.028
52 183 0.824
52 192 0.826
52 194 0.533
52 196 0.847
52 198 0.549
52 200 0.588
52 207 0.726
52 224 0.198
52 227 0.358
52 232 0.054
52 242 0.103
53 59 0.275
53 60 0.394
53 61 0.813
53 63 0.645
53 72 0.812
53 75 0.320
53 87 0.126
53 88 0.445
53 99 0.284
53 107 0.264
53 108 0.508
53 116 0.271
53 125 0.903
53 156 0.800
53 169 0.566
53 173 0.443
53 179 0.309
53 199 0.015
53 202 0.013
53 209 0.733
53 238 0.687
54 55 0.806
54 60 0.604
54 70 0.002
54 79 0.373
54 88 0.082
54 90 0.436
54 109 0.664
54 126 0.741
54 157 0.573
54 172 0.686
54 200 0.362
54 202 0.982
54 213 0.073
54 226 0.822
54 227 0.446
54 241 0.199
55 67 0.925
55 69 0.288
55 70 0.376
55 74 0.192
55 85 0.141
55 89 0.388
55 102 0.157
55 135 0.493
55 164 0.554
55 173 0.702
55 175 0.528
55 189 0.814
55 198 0.540
55 215 0.434
55 224 0.361
55 228 0.949
55 235 0.619
55 236 0.199
55 239 0.733
55 246 0.721
56 58 0.526
56 73 0.226
56 93 0.837
56 100 0.884
56 107 0.344
56 108 0.474
56 127 0.590
56 147 0.208
56 155 0.845
56 170 0.291
56 194 0.326
56 204 0.367
56 211 0.730
56 215 0.782
56 219 0.334
56 222 0.067
56 227 0.128
56 233 0.385
56 234 0.811
56 241 0.132
57 74 0.122
57 77 0.005
57 87 0.214
57 101 0.103
57 107 0.038
57 134 0.427
57 148 0.954
57 163 0.697
57 171 0.066
57 183 0.284
57 186 0.372
57 206 0.395
57 211 0.634
57 217 0.915
57 226 0.542
57 237 0.766
57 240 0.635
57 241 0.333
57 246 0.850
58 67 0.439
58 72 0.376
58 80 0.294
58 81 0.003
58 90 0.901
58 95 0.019
58 96 0.216
58 135 0.538
58 136 0.329
58 143 0.168
58 192 0.709
58 197 0.694
58 217 0.447
58 224 0.510
58 241 0.945
59 62 0.008
59 74 0.040
59 86 0.496
59 87 0.358
59 90 0.659
59 97 0.769
59 99 0.058
59 102 0.797
59 108 0.759
59 112 0.836
59 114 0.647
59 115 0.452
59 128 0.779
59 141 0.625
59 149 0.236
59 151 0.745
59 157 0.935
59 169 0.506
59 174 0.081
59 241 0.882
60 62 0.401
60 64 0.653
60 95 0.237
60 105 0.060
60 118 0.882
60 121 0.068
60 128 0.525
60 138 0.806
60 157 0.630
60 170 0.012
60 200 0.370
60 201 0.775
60 205 0.413
60 226 0.765
60 241 0.501
60 242 0.342
61 69 0.614
61 70 0.052
61 71 0.693
61 91 0.996
61 94 0.433
61 99 0.211
61 117 0.228
61 126 0.233
61 130 0.724
61 141 0.932
61 150 0.474
61 153 0.305
61 174 0.158
61 175 0.185
61 178 0.084
61 179 0.549
61 190 0.367
61 195 0.347
61 198 0.005
61 205 0.830
61 217 0.839
61 225 0.860
62 67 0.467
62 69 0.623
62 77 0.293
62 79 0.703
62 110 0.052
62 125 0.190
62 145 0.934
62 153 0.621
62 166 0.225
62 167 0.251
62 169 0.608
62 179 0.488
62 204 0.458
62 214 0.572
62 217 0.031
62 218 0.951
62 223 0.433
62 225 0.546
62 228 0.725
62 238 0.220
62 241 0.780
63 67 0.867
63 69 0.627
63 71 0.611
63 90 0.053
63 91 0.158
63 93 0.271
63 123 0.422
63 133 0.987
63 135 0.998
63 137 0.683
63 139 0.764
63 198 0.470
63 210 0.048
63 213 0.772
63 220 0.791
63 223 0.147
63 230 0.213
63 231 0.672
63 239 0.422
63 243 0.835
64 65 0.389
64 68 0.908
64 73 0.388
64 84 0.305
64 88 0.742
64 92 0.853
64 100 0.435
64 101 0.058
64 114 0.902
64 122 0.720
64 124 0.399
64 128 0.042
64 141 0.594
64 142 0.550
64 143 0.584
64 146 0.796
64 165 0.647
64 170 0.322
64 175 0.266
64 187 0.730
64 197 0.197
64 206 0.643
64 218 0.438
64 221 0.322
64 233 0.618
64 240 0.395
64 242 0.049
65 76 0.636
65 96 0.965
65 97 0.508
65 114 0.468
65 144 0.603
65 160 0.644
65 167 0.608
65 176 0.490
65 194 0.331
65 198 0.931
65 208 0.621
65 221 0.478
65 230 0.997
65 241 0.033
65 245 0.388
65 247 0.760
66 73 0.594
66 76 0.307
66 80 0.200
66 105 0.001
66 130 0.965
66 136 0.614
66 143 0.139
66 161 0.183
66 163 0.011
66 165 0.201
66 177 0.269
66 181 0.948
66 183 0.178
66 215 0.673
66 234 0.671
66 241 0.871
66 244 0.139
67 72 0.598
67 83 0.334
67 95 0.486
67 109 0.695
67 110 0.444
67 111 0.990
67 116 0.440
67 138 0.761
67 165 0.520
67 166 0.552
67 171 0.165
67 174 0.865
67 206 0.763
67 211 0.490
67 218 0.832
67 233 0.143
68 83 0.105
68 85 0.878
68 96 0.619
68 116 0.301
68 137 0.503
68 139 0.183
68 173 0.643
68 175 0.481
68 181 0.896
68 186 0.926
68 188 0.417
68 191 0.536
68 206 0.727
68 210 0.475
68 214 0.537
68 221 0.702
68 222 0.592
68 241 0.582
68 243 0.520
69 73 0.841
69 76 0.101
69 81 0.125
69 83 0.548
69 85 0.718
69 91 0.982
69 97 0.103
69 109 0.636
69 141 0.263
69 152 0.277
69 173 0.279
69 179 0.115
69 182 0.339
69 195 0.150
69 208 0.385
69 217 0.240
69 222 0.280
69 223 0.932
69 245 0.713
70 72 0.507
70 75 0.230
70 82 0.286
70 103 0.416
70 151 0.967
70 152 0.805
70 170 0.245
70 177 0.149
70 181 0.294
70 183 0.987
70 184 0.112
70 195 0.549
70 198 0.840
70 202 0.600
70 204 0.344
70 207 0.783
70 208 0.329
70 215 0.271
70 230 0.440
70 233 0.632
70 235 0.884
71 74 0.689
71 114 0.098
71 122 0.795
71 133 0.004
71 137 0.962
71 146 0.817
71 150 0.449
71 162 0.177
71 163 0.680
71 173 0.806
71 175 0.490
71 176 0.930
71 178 0.426
71 180 0.147
71 181 0.742
71 183 0.875
71 195 0.528
71 210 0.032
71 224 0.695
71 239 0.464
72 75 0.954
72 79 0.274
72 84 0.711
72 86 0.271
72 91 0.766
72 97 0.301
72 98 0.614
72 108 0.618
72 110 0.453
72 121 0.203
72 128 0.199
72 131 0.754
72 160 0.250
72 171 0.304
72 184 0.842
72 210 0.647
72 235 0.380
72 237 0.909
72 241 0.795
72 249 0.015
73 76 0.650
73 78 0.951
73 82 0.162
73 107 0.567
73 119 0.824
73 141 0.765
73 145 0.757
73 169 0.620
73 181 0.456
73 184 0.022
73 201 0.112
73 208 0.655
73 218 0.969
73 224 0.199
73 233 0.710
73 236 0.982
74 78 0.810
74 83 0.523
74 86 0.532
74 88 0.446
74 94 0.687
74 108 0.269
74 116 0.713
74 119 0.103
74 125 0.838
74 127 0.239
74 142 0.019
74 143 0.448
74 155 0.176
74 173 0.134
74 174 0.089
74 181 0.648
74 182 0.756
74 187 0.129
74 188 0.661
74 191 0.617
74 193 0.979
74 198 0.410
74 208 0.454
74 225 0.250
74 244 0.174
75 82 0.396
75 95 0.486
75 118 0.346
75 132 0.316
75 137 0.141
75 177 0.411
75 187 0.362
75 189 0.454
75 195 0.949
75 204 0.959
75 205 0.716
75 207 0.840
75 216 0.500
75 231 0.576
75 237 0.465
75 247 0.654
76 79 0.507
76 100 0.437
76 109 0.853
76 110 0.660
76 116 0.988
76 122 0.968
76 138 0.371
76 145 0.726
76 153 0.866
76 160 0.814
76 174 0.727
76 178 0.342
76 183 0.417
76 187 0.042
76 189 0.139
76 190 0.049
76 194 0.310
76 199 0.610
76 216 0.967
76 234 0.831
76 236 0.420
77 92 0.344
77 98 0.667
77 114 0.645
77 120 0.688
77 123 0.047
77 127 0.967
77 164 0.778
77 174 0.426
77 189 0.294
77 191 0.705
77 229 0.374
77 245 0.681
78 82 0.229
78 85 0.203
78 114 0.294
78 115 0.518
78 139 0.598
78 142 0.582
78 144 0.648
78 149 0.095
78 153 0.848
78 164 0.792
78 167 0.677
78 169 0.349
78 175 0.088
78 177 0.958
78 194 0.195
78 200 0.578
78 201 0.511
78 225 0.223
78 244 0.191
79 82 0.495
79 93 0.419
79 114 0.897
79 140 0.742
79 145 0.012
79 152 0.370
79 153 0.513
79 165 0.744
79 166 0.118
79 168 0.208
79 179 0.528
79 203 0.805
79 226 0.387
79 229 0.013
80 86 0.934
80 93 0.893
80 98 0.670
80 107 0.413
80 111 0.145
80 112 0.831
80 118 0.103
80 129 0.292
80 151 0.364
80 204 0.799
80 206 0.117
80 242 0.571
80 244 0.512
80 248 0.746
81 101 0.322
81 124 0.520
81 138 0.383
81 160 0.394
81 163 0.333
81 165 0.177
81 197 0.819
81 202 0.428
81 206 0.897
81 209 0.968
81 210 0.896
81 223 0.890
81 226 0.210
81 228 0.488
81 233 0.197
81 239 0.287
81 240 0.566
81 241 0.110
82 117 0.578
82 119 0.241
82 130 0.843
82 141 0.578
82 142 0.965
82 144 0.570
82 146 0.832
82 164 0.659
82 169 0.160
82 177 0.822
82 199 0.962
82 215 0.358
82 221 0.284
82 239 0.862
82 245 0.224
83 84 0.992
83 85 0.061
83 105 0.204
83 111 0.810
83 121 0.135
83 147 0.379
83 148 0.115
83 172 0.397
83 184 0.858
83 213 0.100
83 215 0.909
83 217 0.473
83 229 0.041
83 244 0.525
83 245 0.900
84 87 0.495
84 98 0.574
84 118 0.025
84 120 0.906
84 128 0.498
84 130 0.945
84 132 0.852
84 133 0.028
84 135 0.406
84 147 0.907
84 156 0.390
84 158 0.178
84 179 0.364
84 212 0.457
84 229 0.326
84 232 0.612
84 236 0.535
84 247 0.812
84 248 0.239
85 91 0.174
85 94 0.824
85 95 0.886
85 99 0.797
85 122 0.544
85 129 0.595
85 134 0.928
85 142 0.528
85 152 0.028
85 171 0.302
85 177 0.939
85 181 0.251
85 188 0.046
85 205 0.045
85 225 0.517
85 237 0.825
85 239 0.343
85 246 0.850
86 104 0.469
86 112 0.488
86 118 0.428
86 119 0.264
86 127 0.104
86 154 0.042
86 165 0.615
86 166 0.629
86 167 0.873
86 191 0.407
86 199 0.090
86 231 0.960
86 245 0.500
87 103 0.823
87 104 0.727
87 121 0.570
87 140 0.617
87 141 0.796
87 184 0.176
87 200 0.401
87 218 0.471
87 230 0.121
87 231 0.612
87 236 0.002
87 237 0.922
87 245 0.410
88 95 0.232
88 102 0.491
88 104 0.927
88 107 0.346
88 123 0.621
88 162 0.348
88 167 0.513
88 173 0.971
88 174 0.392
88 179 0.141
88 180 0.223
88 190 0.562
88 201 0.869
88 206 0.145
88 208 0.904
88 216 0.362
88 243 0.850
88 244 0.040
89 92 0.255
89 99 0.052
89 110 0.366
89 114 0.562
89 123 0.802
89 129 0.543
89 130 0.596
89 134 0.364
89 137 0.548
89 145 0.388
89 146 0.870
89 154 0.804
89 161 0.584
89 163 0.940
89 165 0.120
89 179 0.328
89 184 0.355
89 191 0.111
89 213 0.792
89 215 0.279
89 222 0.469
89 241 0.221
89 242 0.828
90 93 0.261
90 104 0.895
90 105 0.025
90 106 0.006
90 114 0.728
90 115 0.565
90 119 0.252
90 124 0.894
90 130 0.112
90 133 0.562
90 139 0.094
90 140 0.666
90 143 0.140
90 145 0.392
90 165 0.970
90 169 0.332
90 178 0.669
90 195 0.718
90 205 0.618
90 207 0.696
90 209 0.872
90 215 0.994
90 216 0.731
90 237 0.710
90 242 0.508
91 99 0.233
91 106 0.983
91 112 0.457
91 114 0.530
91 115 0.788
91 116 0.333
91 120 0.521
91 130 0.115
91 139 0.980
91 150 0.540
91 152 0.366
91 159 0.081
91 162 0.748
91 174 0.549
91 176 0.664
91 197 0.090
91 201 0.234
91 205 0.412
91 222 0.800
91 232 0.964
91 234 0.556
91 247 0.657
92 98 0.441
92 130 0.632
92 131 0.652
92 133 0.559
92 136 0.198
92 146 0.969
92 149 0.900
92 153 0.155
92 156 0.366
92 160 0.746
92 179 0.704
92 181 0.567
92 190 0.428
92 192 0.234
92 193 0.203
92 198 0.735
92 201 0.317
92 207 0.844
92 219 0.284
92 239 0.006
92 243 0.533
92 245 0.596
92 248 0.134
93 99 0.616
93 104 0.190
93 105 0.983
93 108 0.345
93 110 0.138
93 113 0.729
93 114 0.799
93 143 0.582
93 148 0.331
93 167 0.798
93 168 0.478
93 169 0.244
93 186 0.721
93 193 0.296
93 196 0.945
93 197 0.341
93 222 0.357
93 249 0.606
94 100 0.587
94 116 0.439
94 119 0.567
94 122 0.444
94 136 0.941
94 144 0.105
94 148 0.630
94 173 0.085
94 179 0.117
94 195 0.282
94 207 0.153
94 216 0.555
94 244 0.804
95 102 0.065
95 108 0.800
95 109 0.797
95 123 0.229
95 127 0.168
95 131 0.134
95 139 0.572
95 140 0.597
95 143 0.491
95 162 0.694
95 166 0.335
95 167 0.543
95 184 0.609
95 189 0.426
95 195 0.691
95 211 0.355
95 222 0.795
95 227 0.662
95 233 0.167
95 239 0.205
96 103 0.208
96 108 0.227
96 111 0.890
96 138 0.988
96 140 0.731
96 145 0.379
96 149 0.098
96 158 0.048
96 159 0.398
96 166 0.495
96 174 0.129
96 187 0.955
96 198 0.223
96 203 0.621
96 215 0.752
96 249 0.657
97 98 0.650
97 108 0.426
97 110 0.527
97 134 0.659
97 141 0.755
97 148 0.053
97 152 0.268
97 160 0.263
97 191 0.730
97 199 0.485
97 207 0.668
97 245 0.481
97 246 0.089
98 108 0.006
98 109 0.543
98 149 0.392
98 161 0.948
98 164 0.551
98 167 0.964
98 178 0.318
98 185 0.203
98 186 0.169
98 198 0.223
98 212 0.726
98 229 0.146
98 242 0.619
99 120 0.193
99 127 0.985
99 151 0.701
99 163 0.973
99 164 0.100
99 170 0.948
99 174 0.797
99 193 0.667
99 196 0.206
99 197 0.390
99 207 0.288
99 214 0.889
99 217 0.712
99 226 0.543
99 228 0.887
99 233 0.820
100 107 0.666
100 124 0.650
100 143 0.272
100 159 0.610
100 172 0.585
100 176 0.482
100 180 0.525
100 194 0.358
100 195 0.213
100 197 0.676
100 200 0.016
100 204 0.389
100 224 0.281
100 225 0.401
100 240 0.395
100 242 0.606
100 243 0.157
101 106 0.908
101 115 0.046
101 118 0.544
101 119 0.949
101 141 0.264
101 180 0.323
101 184 0.721
101 195 0.294
101 200 0.791
101 218 0.125
101 226 0.553
101 228 0.815
101 230 0.855
101 240 0.914
101 244 0.067
102 104 0.989
102 117 0.966
102 118 0.133
102 120 0.410
102 136 0.496
102 139 0.801
102 145 0.322
102 149 0.367
102 153 0.085
102 155 0.160
102 181 0.735
102 184 0.428
102 198 0.057
102 205 0.303
102 222 0.078
102 229 0.312
102 230 0.018
102 235 0.882
102 246 0.440
102 247 0.807
103 104 0.699
103 109 0.483
103 128 0.227
103 131 0.861
103 143 0.699
103 184 0.282
103 189 0.913
103 208 0.250
103 209 0.033
103 217 0.840
103 224 0.048
103 231 0.154
103 234 0.606
103 238 0.507
104 116 0.063
104 150 0.550
104 173 0.485
104 185 0.953
104 202 0.688
104 204 0.299
104 206 0.600
104 209 0.300
104 226 0.157
104 231 0.801
104 244 0.524
104 249 0.523
105 106 0.929
105 124 0.484
105 130 0.322
105 132 0.519
105 146 0.710
105 151 0.465
105 159 0.644
105 199 0.788
105 203 0.459
105 208 0.005
105 215 0.685
105 242 0.588
105 245 0.154
106 114 0.892
106 116 0.428
106 123 0.700
106 128 0.446
106 129 0.341
106 137 0.296
106 166 0.911
106 167 0.664
106 169 0.377
106 183 0.513
106 186 0.017
106 194 0.910
106 195 0.156
106 206 0.155
106 211 0.929
106 217 0.150
107 120 0.585
107 127 0.485
107 134 0.711
107 159 0.165
107 162 0.056
107 167 0.509
107 170 0.756
107 171 0.028
107 179 0.751
107 184 0.229
107 193 0.871
107 194 0.336
107 205 0.933
107 211 0.329
107 221 0.937
107 223 0.104
107 229 0.053
107 238 0.443
107 240 0.025
108 117 0.674
108 125 0.957
108 129 0.178
108 135 0.472
108 144 0.325
108 145 0.927
108 151 0.965
108 158 0.793
108 166 0.721
108 171 0.129
108 180 0.417
108 193 0.423
108 194 0.782
108 195 0.587
108 215 0.324
108 217 0.344
108 220 0.379
108 222 0.382
108 232 0.101
109 116 0.934
109 134 0.036
109 147 0.595
109 160 0.646
109 190 0.702
109 201 0.736
109 223 0.791
109 227 0.643
109 238 0.498
109 249 0.637
110 111 0.426
110 112 0.467
110 114 0.197
110 131 0.691
110 133 0.029
110 137 0.048
110 138 0.219
110 155 0.075
110 165 0.143
110 189 0.088
110 197 0.318
110 202 0.845
110 233 0.983
110 237 0.747
110 243 0.765
111 125 0.844
111 133 0.322
111 137 0.362
111 139 0.104
111 148 0.314
111 149 0.243
111 155 0.585
111 160 0.417
111 176 0.234
111 186 0.791
111 201 0.772
111 220 0.413
111 221 0.102
111 227 0.986
111 230 0.439
111 237 0.164
112 122 0.803
112 130 0.651
112 141 0.662
112 148 0.989
112 151 0.839
112 153 0.872
112 158 0.785
112 161 0.941
112 169 0.002
112 178 0.105
112 180 0.895
112 187 0.786
112 208 0.900
112 228 0.216
112 233 0.554
112 235 0.591
112 237 0.677
112 241 0.566
113 116 0.192
113 118 0.373
113 129 0.962
113 132 0.637
113 134 0.643
113 147 0.249
113 158 0.023
113 173 0.118
113 183 0.024
113 190 0.089
113 193 0.014
113 197 0.741
113 200 0.965
113 209 0.385
113 232 0.615
113 237 0.452
113 240 0.271
113 242 0.790
113 246 0.362
114 144 0.349
114 145 0.091
114 153 0.467
114 178 0.808
114 180 0.064
114 182 0.087
114 191 0.999
114 204 0.955
114 207 0.300
114 209 0.491
114 216 0.833
114 230 0.074
115 128 0.447
115 134 0.073
115 137 0.841
115 162 0.952
115 166 0.356
115 191 0.084
115 192 0.296
115 199 0.567
115 217 0.356
115 228 0.549
115 236 0.237
115 239 0.909
115 244 0.542
115 245 0.403
115 246 0.866
116 123 0.737
116 147 0.295
116 153 0.841
116 159 0.612
116 168 0.543
116 179 0.675
116 182 0.965
116 184 0.088
116 196 0.300
116 198 0.465
116 206 0.013
116 215 0.889
116 227 0.496
116 234 0.346
116 238 0.346
117 119 0.156
117 122 0.260
117 139 0.891
117 184 0.312
117 187 0.282
117 202 0.758
117 207 0.983
117 215 0.004
117 216 0.400
117 231 0.109
117 233 0.590
117 235 0.516
117 238 0.675
117 243 0.417
118 124 0.776
118 126 0.873
118 128 0.415
118 133 0.178
118 143 0.534
118 149 0.015
118 155 0.852
118 156 0.020
118 174 0.272
118 176 0.060
118 196 0.466
118 203 0.998
118 222 0.048
118 233 0.627
118 234 0.952
118 240 0.753
119 125 0.383
119 142 0.203
119 149 0.611
119 155 0.833
119 167 0.523
119 177 0.810
119 184 0.777
119 191 0.788
119 193 0.694
119 197 0.470
119 206 0.282
119 212 0.262
119 215 0.269
119 229 0.896
120 123 0.504
120 136 0.210
120 137 0.011
120 144 0.159
120 146 0.362
120 147 0.088
120 154 0.577
120 163 0.246
120 174 0.474
120 219 0.459
120 227 0.819
121 123 0.514
121 130 0.803
121 139 0.781
121 174 0.072
121 184 0.226
121 195 0.527
121 200 0.013
121 231 0.298
121 246 0.833
122 144 0.146
122 148 0.257
122 154 0.900
122 167 0.695
122 171 0.095
122 192 0.048
122 202 0.993
122 207 0.245
122 233 0.170
122 248 0.591
123 131 0.167
123 143 0.315
123 145 0.775
123 180 0.020
123 181 0.069
123 186 0.960
123 187 0.231
123 193 0.361
123 197 0.975
123 198 0.106
123 199 0.330
123 201 0.937
123 232 0.017
123 238 0.931
123 240 0.952
124 132 0.487
124 134 0.015
124 136 0.640
124 141 0.766
124 147 0.617
124 161 0.340
124 191 0.809
124 200 0.067
124 210 0.634
124 234 0.881
125 128 0.313
125 137 0.309
125 139 0.667
125 140 0.297
125 141 0.165
125 190 0.979
125 194 0.543
125 206 0.211
125 208 0.245
125 211 0.676
125 228 0.778
125 230 0.495
125 234 0.929
126 143 0.859
126 146 0.367
126 147 0.924
126 154 0.912
126 156 0.564
126 184 0.477
126 190 0.957
126 209 0.125
126 220 0.007
126 237 0.793
126 249 0.879
127 135 0.759
127 140 0.182
127 144 0.861
127 161 0.835
127 177 0.238
127 178 0.854
127 195 0.514
127 202 0.967
127 204 0.553
127 223 0.792
127 225 0.984
127 233 0.622
127 237 0.831
128 138 0.377
128 142 0.204
128 143 0.356
128 144 0.621
128 166 0.835
128 172 0.259
128 185 0.889
128 199 0.939
128 207 0.776
128 217 0.930
128 222 0.022
128 232 0.397
129 134 0.391
129 135 0.654
129 141 0.857
129 148 0.175
129 166 0.561
129 168 0.887
129 171 0.027
129 194 0.852
129 198 0.848
129 201 0.038
129 209 0.791
129 214 0.126
129 217 0.285
129 246 0.188
130 141 0.816
130 147 0.959
130 168 0.631
130 172 0.087
130 178 0.365
130 182 0.916
130 189 0.521
130 191 0.963
130 193 0.828
130 208 0.836
130 222 0.831
130 224 0.732
130 248 0.239
131 132 0.272
131 135 0.494
131 147 0.589
131 148 0.198
131 155 0.654
131 171 0.922
131 184 0.196
131 190 0.318
131 200 0.580
131 207 0.625
131 210 0.476
131 219 0.778
131 242 0.302
131 243 0.625
132 143 0.173
132 149 0.174
132 160 0.677
132 163 0.973
132 180 0.866
132 205 0.512
133 139 0.053
133 146 0.978
133 147 0.704
133 155 0.687
133 166 0.814
133 174 0.312
133 204 0.351
133 222 0.873
133 235 0.033
134 141 0.355
134 145 0.753
134 150 0.866
134 170 0.515
134 204 0.585
134 208 0.185
134 209 0.616
134 216 0.732
134 221 0.885
135 149 0.292
135 155 0.252
135 157 0.786
135 160 0.458
135 169 0.850
135 175 0.636
135 187 0.316
135 205 0.465
135 240 0.619
135 242 0.397
135 244 0.113
136 155 0.319
136 164 0.872
136 165 0.957
136 167 0.530
136 170 0.540
136 171 0.033
136 177 0.104
136 181 0.532
136 211 0.685
136 223 0.020
136 231 0.250
136 239 0.875
136 242 0.563
136 245 0.879
137 138 0.889
137 168 0.875
137 172 0.142
137 179 0.779
137 188 0.317
137 197 0.989
137 229 0.767
137 245 0.277
137 248 0.690
138 168 0.138
138 173 0.468
138 175 0.787
138 178 0.012
138 180 0.304
138 182 0.696
138 202 0.923
138 204 0.780
138 209 0.007
138 218 0.528
138 220 0.429
138 228 0.087
138 233 0.023
138 239 0.604
138 244 0.041
139 144 0.845
139 159 0.701
139 169 0.206
139 176 0.317
139 213 0.257
139 220 0.196
139 227 0.251
139 232 0.590
139 236 0.000
139 242 0.155
140 176 0.047
140 181 0.977
140 196 0.428
140 200 0.571
140 229 0.139
140 240 0.162
140 244 0.260
141 142 0.422
141 151 0.889
141 152 0.308
141 153 0.007
141 155 0.708
141 174 0.148
141 176 0.666
141 205 0.554
141 212 0.163
141 238 0.466
141 246 0.350
142 146 0.157
142 155 0.124
142 157 0.421
142 171 0.514
142 178 0.962
142 188 0.954
142 212 0.360
142 223 0.727
143 162 0.740
143 168 0.210
143 175 0.028
143 197 0.196
143 201 0.593
143 202 0.057
143 207 0.374
143 222 0.969
143 228 0.186
143 230 0.533
143 241 0.353
143 245 0.861
143 248 0.973
144 150 0.719
144 155 0.055
144 164 0.894
144 167 0.235
144 189 0.118
144 217 0.851
144 228 0.726
144 235 0.081
144 236 0.478
144 244 0.159
145 146 0.582
145 150 0.096
145 158 0.707
145 168 0.148
145 173 0.284
145 189 0.807
145 197 0.985
145 200 0.732
145 211 0.448
145 217 0.664
145 224 0.650
145 225 0.648
145 230 0.761
145 243 0.205
146 163 0.012
146 166 0.123
146 169 0.624
146 175 0.528
146 184 0.373
146 187 0.021
146 201 0.116
146 220 0.212
146 224 0.515
146 229 0.915
146 233 0.813
146 245 0.241
147 184 0.460
147 193 0.276
147 212 0.524
147 221 0.224
147 235 0.647
148 161 0.372
148 183 0.640
148 184 0.474
148 196 0.632
148 199 0.237
148 201 0.076
148 208 0.836
148 232 0.120
149 176 0.870
149 179 0.972
149 191 0.245
149 200 0.484
149 206 0.415
149 228 0.997
150 151 0.395
150 156 0.678
150 158 0.675
150 167 0.861
150 170 0.470
150 177 0.115
150 179 0.937
150 182 0.584
150 190 0.476
150 202 0.817
150 205 0.213
150 220 0.659
150 240 0.671
150 241 0.157
151 178 0.021
151 189 0.286
151 190 0.939
151 235 0.581
151 239 0.806
151 248 0.790
152 176 0.592
152 178 0.814
152 180 0.116
152 195 0.205
152 198 0.046
152 202 0.923
152 210 0.277
152 211 0.414
152 227 0.908
152 230 0.043
153 160 0.553
153 161 0.892
153 167 0.025
153 170 0.006
153 188 0.912
153 217 0.730
153 222 0.178
153 223 0.716
153 244 0.519
153 245 0.680
153 247 0.055
154 162 0.608
154 169 0.775
154 172 0.761
154 187 0.170
154 190 0.294
154 204 0.248
154 228 0.692
154 231 0.136
155 166 0.030
155 185 0.268
155 188 0.393
155 230 0.548
155 241 0.935
155 248 0.761
155 249 0.007
156 160 0.910
156 181 0.926
156 187 0.710
156 200 0.711
156 203 0.705
156 207 0.208
156 229 0.041
156 233 0.168
156 236 0.716
156 240 0.606
156 247 0.962
157 164 0.536
157 176 0.689
157 179 0.491
157 204 0.542
157 207 0.092
157 220 0.826
157 221 0.174
157 234 0.141
157 239 0.005
158 170 0.474
158 185 0.168
158 192 0.699
158 197 0.175
158 202 0.036
158 211 0.978
158 217 0.430
158 221 0.426
159 166 0.070
159 170 0.074
159 174 0.480
159 195 0.040
159 229 0.228
159 238 0.215
159 242 0.929
160 178 0.834
160 183 0.824
160 193 0.335
160 223 0.841
160 240 0.045
160 249 0.702
161 178 0.719
161 184 0.008
161 194 0.143
161 196 0.991
161 201 0.038
161 216 0.841
161 225 0.918
161 237 0.921
162 193 0.897
162 195 0.093
162 199 0.504
162 208 0.812
162 215 0.288
162 219 0.097
162 224 0.978
162 247 0.294
163 169 0.122
163 187 0.606
163 192 0.539
163 208 0.376
163 214 0.925
163 223 0.860
163 232 0.493
163 236 0.578
164 165 0.194
164 169 0.759
164 172 0.910
164 192 0.964
164 194 0.077
164 206 0.217
164 209 0.125
164 211 0.763
164 214 0.194
164 228 0.108
164 229 0.792
164 244 0.327
165 179 0.321
165 183 0.149
165 186 0.325
165 188 0.965
165 189 0.323
165 200 0.062
165 224 0.827
165 231 0.734
165 235 0.831
165 245 0.986
165 246 0.211
166 184 0.907
166 187 0.437
166 201 0.061
166 234 0.153
166 239 0.670
166 245 0.549
166 246 0.388
167 174 0.582
167 178 0.100
167 182 0.130
167 187 0.515
167 194 0.753
167 204 0.111
167 211 0.680
167 224 0.274
167 238 0.731
168 173 0.419
168 197 0.978
168 198 0.277
168 221 0.937
168 241 0.285
169 176 0.325
169 180 0.359
169 190 0.093
169 192 0.956
169 199 0.613
169 200 0.826
169 214 0.477
169 223 0.675
169 225 0.941
169 227 0.542
169 233 0.332
169 237 0.724
170 178 0.139
170 196 0.268
170 197 0.369
170 214 0.093
170 219 0.681
170 224 0.363
170 230 0.536
170 231 0.285
170 238 0.106
170 240 0.863
170 241 0.634
171 173 0.087
171 182 0.482
171 185 0.072
171 187 0.882
171 188 0.461
171 200 0.352
171 216 0.622
171 221 0.764
171 227 0.842
171 228 0.245
171 233 0.258
172 182 0.412
172 194 0.297
172 209 0.412
172 211 0.827
172 219 0.438
173 204 0.859
173 206 0.113
173 212 0.199
173 223 0.659
173 227 0.917
173 230 0.634
173 242 0.920
173 249 0.749
174 199 0.452
174 215 0.002
174 231 0.940
174 235 0.444
175 191 0.532
175 199 0.612
175 207 0.904
175 208 0.456
175 217 0.989
175 228 0.158
175 230 0.170
175 234 0.884
176 188 0.224
176 198 0.063
176 213 0.480
176 214 0.907
176 218 0.113
176 223 0.947
176 225 0.735
176 230 0.619
177 181 0.636
177 194 0.695
177 200 0.806
177 206 0.067
177 208 0.011
177 219 0.445
177 226 0.551
177 237 0.367
177 248 0.282
178 182 0.677
178 186 0.083
178 216 0.702
178 239 0.644
179 180 0.061
179 199 0.946
179 207 0.381
179 213 0.418
179 219 0.923
179 227 0.980
179 231 0.977
179 233 0.160
179 238 0.720
179 239 0.037
179 243 0.650
179 246 0.620
180 182 0.954
180 184 0.518
180 186 0.192
180 205 0.343
180 206 0.491
180 207 0.669
180 235 0.056
180 249 0.457
181 198 0.939
181 235 0.615
181 238 0.623
182 193 0.642
182 203 0.441
182 207 0.164
182 213 0.126
182 236 0.871
183 186 0.873
183 193 0.665
183 194 0.828
183 202 0.864
183 203 0.560
183 207 0.169
183 208 0.472
183 226 0.589
183 240 0.403
184 210 0.049
184 217 0.787
184 248 0.350
185 195 0.736
185 201 0.914
185 211 0.259
185 213 0.391
185 215 0.372
185 218 0.305
185 223 0.222
186 192 0.142
186 196 0.516
186 198 0.146
186 213 0.465
186 220 0.030
186 223 0.576
186 242 0.632
187 189 0.227
187 221 0.982
187 238 0.934
188 197 0.556
188 230 0.136
188 232 0.005
188 236 0.179
188 238 0.802
189 218 0.777
189 235 0.470
189 240 0.666
190 202 0.743
190 203 0.042
190 205 0.245
190 208 0.526
190 222 0.770
191 196 0.532
191 214 0.643
191 229 0.696
191 231 0.435
191 241 0.778
191 242 0.974
191 246 0.520
192 202 0.668
192 206 0.503
192 214 0.524
192 218 0.698
192 219 0.064
192 236 0.401
193 201 0.217
193 212 0.460
193 221 0.726
193 235 0.239
193 242 0.761
193 248 0.955
194 209 0.308
194 210 0.131
194 220 0.105
194 221 0.089
194 227 0.038
194 237 0.315
194 238 0.334
194 249 0.897
195 197 0.887
195 201 0.492
195 213 0.994
195 218 0.268
195 231 0.845
196 201 0.225
196 202 0.613
196 210 0.683
196 216 0.274
196 237 0.652
196 242 0.587
197 215 0.066
197 223 0.920
197 243 0.066
198 212 0.668
198 219 0.203
198 241 0.687
199 201 0.384
199 203 0.270
199 204 0.763
199 217 0.655
199 220 0.970
199 233 0.514
199 237 0.310
199 244 0.270
200 211 0.283
200 215 0.466
200 222 0.691
200 223 0.100
200 225 0.775
200 229 0.171
200 237 0.034
200 240 0.292
200 249 0.348
201 217 0.974
201 243 0.898
202 203 0.444
202 210 0.293
202 216 0.076
202 224 0.194
202 238 0.855
203 207 0.831
203 209 0.989
203 225 0.411
204 229 0.057
204 239 0.578
204 247 0.034
205 207 0.597
205 218 0.891
205 221 0.768
205 237 0.476
205 245 0.239
206 216 0.434
207 216 0.837
207 227 0.870
207 244 0.001
207 249 0.877
208 209 0.802
208 222 0.395
208 232 0.570
208 241 0.252
209 213 0.517
209 222 0.038
209 227 0.717
209 229 0.952
210 216 0.651
210 221 0.814
210 223 0.339
210 225 0.729
210 231 0.636
210 233 0.626
210 234 0.286
210 238 0.689
210 243 0.011
211 215 0.592
211 227 0.232
211 229 0.961
211 230 0.516
211 231 0.370
211 232 0.815
211 234 0.118
211 247 0.431
212 214 0.123
212 218 0.411
212 231 0.880
212 247 0.317
213 216 0.005
214 215 0.405
214 237 0.974
214 240 0.504
214 242 0.127
215 229 0.420
215 232 0.379
215 233 0.540
215 241 0.654
216 223 0.350
216 224 0.384
216 236 0.744
216 241 0.372
217 238 0.936
217 248 0.747
217 249 0.583
218 226 0.724
218 247 0.592
218 249 0.175
219 222 0.162
219 239 0.985
220 221 0.577
220 224 0.868
220 230 0.279
220 241 0.392
221 222 0.466
221 224 0.773
221 226 0.334
221 232 0.171
221 237 0.279
222 226 0.749
222 227 0.945
222 241 0.534
223 225 0.785
223 230 0.554
223 235 0.413
223 239 0.422
223 241 0.250
223 242 0.022
224 230 0.294
224 246 0.763
224 247 0.645
226 240 0.061
227 229 0.329
227 247 0.527
227 249 0.226
228 236 0.953
229 234 0.682
230 244 0.703
232 241 0.919
235 240 0.035
236 241 0.694
236 248 0.751
237 245 0.379
237 246 0.526
240 243 0.101
244 248 0.834
244 249 0.783
245 248 0.937
247 248 0.427
50
3 240
10 103
8 39
21 144
25 186
3 110
12 129
1 157
21 215
27 139
18 27
4 204
6 7
22 58
17 66
6 210
15 128
5 113
2 87
4 153
3 181
4 209
7 52
4 199
8 117
1 203
4 180
12 81
5 111
2 224
4 69
27 35
1 41
32 95
1 17
14 57
7 134
45 241
22 36
8 120
4 132
8 135
3 160
14 171
19 122
1 178
13 223
17 67
8 234
3 32
25
0
133
140
16
23
152
28
30
31
167
172
44
184
63
196
70
206
211
86
93
233
109
245
118
248
