1000
4898
0 113 0.285
0 242 0.065
0 279 0.999
0 326 0.318
0 385 0.918
0 393 0.142
0 545 0.716
0 672 0.908
0 691 0.121
0 717 0.055
0 943 0.625
1 150 0.154
1 160 0.361
1 264 0.377
1 292 0.809
1 302 0.141
1 487 0.567
1 595 0.508
2 72 0.331
2 77 0.893
2 87 0.880
2 189 0.959
2 563 0.413
2 740 0.738
3 95 0.433
3 100 0.968
3 106 0.491
3 141 0.713
3 220 0.759
3 334 0.156
3 424 0.660
3 466 0.602
3 783 0.791
3 808 0.859
3 833 0.481
3 931 0.647
3 982 0.760
4 19 0.616
4 127 0.871
4 155 0.624
4 267 0.184
4 320 0.164
4 682 0.471
4 695 0.881
4 781 0.812
4 815 0.799
4 934 0.242
4 977 0.611
5 27 0.652
5 547 0.286
5 755 0.559
5 906 0.318
5 972 0.784
6 112 0.100
6 177 0.410
6 225 0.936
6 552 0.891
6 658 0.337
6 713 0.921
6 760 0.282
7 220 0.548
7 313 0.084
7 612 0.863
7 618 0.352
7 739 0.497
7 819 0.439
7 978 0.465
8 79 0.884
8 81 0.549
8 365 0.230
8 380 0.771
8 387 0.500
8 829 0.435
8 860 0.169
9 377 0.534
9 448 0.859
9 456 0.482
9 474 0.379
9 532 0.492
9 590 0.243
9 603 0.816
9 695 0.183
9 791 0.080
9 841 0.580
9 942 0.295
10 24 0.307
10 95 0.760
10 144 0.231
10 177 0.274
10 324 0.847
10 418 0.847
10 614 0.866
10 621 0.187
10 749 0.230
10 829 0.134
10 851 0.075
10 852 0.747
10 922 0.732
11 66 0.186
11 178 0.488
11 192 0.091
11 220 0.669
11 252 0.140
11 407 0.377
11 851 0.175
12 291 0.540
12 508 0.894
12 513 0.364
12 804 0.454
12 960 0.824
13 115 0.333
13 163 0.887
13 186 0.964
13 247 0.619
13 273 0.503
13 478 0.839
13 548 0.695
13 693 0.836
13 722 0.171
13 817 0.607
13 958 0.289
13 980 0.723
13 995 0.086
14 47 0.061
14 70 0.750
14 273 0.886
14 558 0.867
14 595 0.265
14 647 0.822
14 750 0.236
14 872 0.482
15 202 0.535
15 234 0.538
15 407 0.176
15 446 0.814
15 490 0.724
15 650 0.328
15 787 0.999
15 901 0.849
15 933 0.831
15 938 0.105
15 956 0.050
16 141 0.401
16 301 0.703
16 305 0.792
16 395 0.821
16 397 0.486
16 606 0.247
16 615 0.508
16 704 0.209
16 757 0.369
16 759 0.250
16 888 0.869
17 366 0.714
17 446 0.775
17 662 0.494
17 676 0.319
17 950 0.245
17 959 0.972
17 982 0.944
18 109 0.599
18 239 0.959
18 307 0.028
18 487 0.764
18 507 0.981
18 569 0.243
18 806 0.888
18 823 0.830
18 840 0.846
18 893 0.182
18 901 0.092
19 152 0.337
19 172 0.487
19 499 0.031
19 628 0.746
19 689 0.418
19 842 0.332
19 866 0.662
19 893 0.410
19 971 0.307
20 333 0.371
20 334 0.918
20 448 0.760
20 740 0.285
20 795 0.992
21 51 0.985
21 97 0.138
21 549 0.979
21 641 0.751
21 941 0.480
21 953 0.191
21 954 0.965
22 141 0.255
22 160 0.993
22 175 0.915
22 188 0.001
22 244 0.530
22 250 0.469
22 263 0.599
22 360 0.490
22 394 0.149
22 569 0.860
22 605 0.484
22 733 0.518
23 93 0.888
23 100 0.056
23 232 0.475
23 435 0.134
23 524 0.899
23 545 0.874
23 725 0.009
23 858 0.065
23 867 0.835
23 942 0.044
24 118 0.027
24 200 0.378
24 253 0.208
24 317 0.577
24 444 0.059
24 559 0.164
24 612 0.186
24 867 0.879
25 46 0.374
25 55 0.388
25 70 0.472
25 135 0.103
25 227 0.775
25 304 0.830
25 345 0.335
25 455 0.579
25 467 0.445
25 671 0.520
25 684 0.480
25 694 0.600
25 943 0.775
26 61 0.986
26 86 0.793
26 280 0.503
26 646 0.191
26 805 0.866
26 841 0.485
26 884 0.390
26 900 0.752
26 969 0.453
27 234 0.818
27 367 0.154
27 384 0.024
27 399 0.669
27 403 0.001
27 404 0.479
27 455 0.092
27 484 0.995
27 665 0.096
27 735 0.824
28 50 0.046
28 163 0.202
28 229 0.524
28 431 0.496
28 536 0.585
28 696 0.636
28 724 0.071
28 800 0.896
28 818 0.549
28 864 0.210
28 885 0.968
28 941 0.440
29 211 0.271
29 636 0.538
29 639 0.650
29 832 0.057
30 46 0.886
30 556 0.157
30 649 0.081
30 720 0.283
30 883 0.256
30 898 0.227
31 200 0.078
31 586 0.380
31 858 0.786
32 81 0.380
32 103 0.987
32 401 0.357
32 462 0.238
32 637 0.711
32 666 0.205
32 668 0.682
32 689 0.792
32 737 0.611
32 882 0.240
32 930 0.035
32 970 0.659
33 253 0.616
33 270 0.564
33 277 0.923
33 353 0.567
33 394 0.033
33 471 0.699
33 955 0.242
34 236 0.324
34 576 0.365
34 735 0.557
34 916 0.843
34 994 0.485
35 276 0.138
35 335 0.555
35 475 0.300
35 588 0.625
35 615 0.617
35 667 0.558
35 725 0.217
35 862 0.530
35 903 0.880
35 914 0.869
36 79 0.753
36 239 0.346
36 433 0.598
36 571 0.657
36 700 0.136
36 790 0.884
36 818 0.760
36 957 0.933
36 960 0.795
37 103 0.460
37 116 0.752
37 360 0.972
37 436 0.723
37 471 0.867
37 536 0.549
37 767 0.434
37 946 0.183
37 964 0.472
38 107 0.277
38 172 0.454
38 221 0.916
38 227 0.058
38 319 0.825
38 463 0.761
38 631 0.947
38 653 0.569
38 676 0.236
38 770 0.928
38 783 0.505
38 796 0.522
38 831 0.142
38 844 0.719
38 858 0.664
38 886 0.726
38 910 0.916
38 992 0.617
39 131 0.326
39 199 0.413
39 311 0.013
39 354 0.484
39 361 0.112
39 366 0.964
39 690 0.594
39 777 0.265
39 914 0.148
39 943 0.089
40 161 0.298
40 309 0.372
40 638 0.638
40 641 0.079
40 713 0.754
40 716 0.367
40 754 0.911
40 785 0.561
40 828 0.713
41 126 0.920
41 214 0.678
41 289 0.290
41 389 0.631
41 398 0.095
41 483 0.876
41 500 0.284
41 738 0.366
41 921 0.178
42 173 0.975
42 303 0.035
42 386 0.274
42 446 0.897
42 482 0.877
42 487 0.789
42 581 0.126
42 604 0.834
42 677 0.887
43 119 0.621
43 157 0.932
43 177 0.631
43 181 0.736
43 280 0.698
43 316 0.846
43 431 0.384
43 549 0.395
43 749 0.070
43 873 0.383
43 941 0.353
44 83 0.689
44 128 0.071
44 136 0.153
44 220 0.653
44 410 0.911
44 632 0.190
44 689 0.369
45 65 0.662
45 66 0.210
45 67 0.230
45 188 0.257
45 219 0.490
45 239 0.206
45 347 0.603
45 460 0.068
45 591 0.961
45 737 0.734
45 871 0.334
45 956 0.877
45 982 0.599
45 993 0.013
46 153 0.499
46 266 0.687
46 292 0.592
46 303 0.789
46 309 0.631
46 334 0.534
46 549 0.851
46 622 0.009
46 768 0.225
46 822 0.759
46 852 0.328
46 902 0.079
46 989 0.523
47 144 0.840
47 277 0.516
47 290 0.685
47 291 0.037
47 303 0.353
47 621 0.088
47 793 0.038
47 797 0.591
47 960 0.551
48 100 0.900
48 106 0.778
48 223 0.241
48 331 0.028
48 413 0.760
48 441 0.813
48 442 0.541
48 443 0.271
48 473 0.336
48 477 0.667
48 551 0.680
48 739 0.832
48 839 0.692
48 938 0.678
49 50 0.036
49 123 0.403
49 155 0.813
49 236 0.188
49 347 0.241
49 412 0.579
49 413 0.480
49 521 0.238
49 606 0.769
49 794 0.758
49 875 0.958
49 951 0.617
50 87 0.211
50 157 0.563
50 179 0.206
50 480 0.776
50 646 0.988
50 669 0.110
50 727 0.124
50 736 0.428
50 755 0.461
50 762 0.688
50 792 0.536
50 820 0.194
50 823 0.738
50 965 0.053
51 328 0.759
51 616 0.984
51 629 0.844
51 690 0.055
51 743 0.827
51 805 0.489
51 847 0.366
51 921 0.021
52 196 0.162
52 246 0.009
52 271 0.964
52 293 0.463
52 378 0.602
52 837 0.242
53 172 0.721
53 179 0.011
53 182 0.254
53 265 0.267
53 277 0.420
53 304 0.068
53 490 0.529
53 515 0.661
53 524 0.686
53 536 0.110
53 711 0.098
53 883 0.225
53 911 0.387
53 921 0.524
54 90 0.512
54 234 0.134
54 256 0.555
54 332 0.051
54 391 0.661
54 706 0.990
54 751 0.782
54 808 0.939
55 65 0.578
55 70 0.678
55 84 0.126
55 117 0.372
55 153 0.061
55 227 0.919
55 378 0.891
55 404 0.519
55 457 0.186
55 488 0.339
55 644 0.190
55 868 0.217
55 884 0.137
56 126 0.893
56 139 0.800
56 227 0.479
56 410 0.881
56 562 0.638
56 577 0.605
56 729 0.833
56 745 0.343
56 811 0.352
56 855 0.345
57 180 0.025
57 480 0.800
57 498 0.423
57 545 0.073
58 70 0.281
58 195 0.434
58 285 0.375
58 463 0.287
58 465 0.569
58 601 0.333
58 849 0.628
58 904 0.713
58 936 0.068
58 966 0.543
59 93 0.953
59 237 0.218
59 292 0.858
59 379 0.485
59 592 0.863
59 787 0.357
59 971 0.941
60 80 0.968
60 105 0.614
60 128 0.320
60 236 0.039
60 254 0.501
60 421 0.917
60 528 0.545
60 674 0.726
60 897 0.720
61 178 0.473
61 285 0.163
61 355 0.506
61 425 0.359
61 429 0.450
61 588 0.237
61 646 0.937
61 771 0.403
62 114 0.534
62 143 0.823
62 157 0.570
62 429 0.989
62 554 0.088
62 802 0.876
62 958 0.934
62 992 0.815
63 215 0.928
63 246 0.831
63 389 0.652
63 563 0.643
63 919 0.050
64 123 0.588
64 229 0.077
64 294 0.704
64 451 0.461
64 601 0.102
64 862 0.956
64 889 0.563
64 968 0.512
64 981 0.853
65 71 0.682
65 426 0.889
65 515 0.293
65 557 0.081
65 590 0.380
65 648 0.341
65 672 0.209
65 685 0.586
65 718 0.640
65 790 0.686
65 803 0.085
65 815 0.421
65 866 0.833
66 110 0.849
66 224 0.523
66 323 0.727
66 554 0.451
66 605 0.951
66 629 0.107
66 682 0.958
66 888 0.119
66 922 0.464
66 926 0.832
67 177 0.434
67 219 0.212
67 374 0.985
67 423 0.986
67 490 0.701
67 756 0.487
67 763 0.045
67 909 0.477
67 974 0.244
68 237 0.678
68 435 0.850
68 465 0.766
68 560 0.745
68 729 0.474
68 839 0.100
68 856 0.780
68 878 0.912
69 81 0.655
69 137 0.070
69 338 0.056
69 541 0.001
69 643 0.232
70 222 0.928
70 260 0.605
70 649 0.684
70 763 0.117
70 864 0.627
70 869 0.598
70 974 0.003
71 220 0.099
71 247 0.685
71 265 0.183
71 351 0.438
71 450 0.734
71 455 0.506
71 509 0.365
71 577 0.790
71 649 0.428
71 671 0.446
71 852 0.882
71 956 0.475
72 226 0.240
72 308 0.748
72 383 0.166
72 429 0.734
72 436 0.742
72 559 0.874
72 868 0.389
72 891 0.098
72 895 0.407
72 919 0.262
72 941 0.774
73 422 0.364
73 466 0.043
73 612 0.601
73 826 0.206
73 945 0.660
74 99 0.891
74 177 0.334
74 249 0.010
74 643 0.481
74 778 0.791
74 806 0.235
74 904 0.119
74 906 0.856
75 217 0.934
75 291 0.474
75 810 0.763
75 855 0.265
75 906 0.318
75 939 0.696
76 106 0.888
76 158 0.161
76 204 0.841
76 299 0.653
76 378 0.373
76 592 0.678
76 819 0.549
76 826 0.163
77 250 0.202
77 314 0.473
77 418 0.483
77 524 0.809
77 553 0.634
77 576 0.093
77 661 0.865
77 886 0.977
77 980 0.948
78 222 0.926
78 374 0.513
78 452 0.315
78 556 0.651
78 744 0.040
78 811 0.752
78 865 0.818
78 887 0.738
79 139 0.858
79 140 0.702
79 232 0.562
79 301 0.260
79 513 0.619
79 637 0.823
79 695 0.009
79 793 0.592
79 839 0.579
80 370 0.673
80 438 0.102
80 456 0.715
80 574 0.417
80 747 0.966
80 757 0.639
81 121 0.663
81 174 0.397
81 368 0.449
81 372 0.408
81 387 0.707
81 818 0.948
81 993 0.934
82 109 0.073
82 218 0.379
82 446 0.150
82 705 0.795
83 154 0.402
83 168 0.651
83 237 0.165
83 268 0.515
83 286 0.432
83 302 0.082
83 510 0.008
83 514 0.401
83 547 0.493
83 680 1.000
83 714 0.284
83 754 0.970
83 880 0.622
83 882 0.495
83 884 0.851
83 949 0.262
84 147 0.705
84 267 0.571
84 360 0.816
84 492 0.546
84 921 0.907
85 136 0.878
85 181 0.087
85 300 0.226
85 401 0.343
85 531 0.759
85 602 0.694
85 692 0.646
85 771 0.434
85 854 0.110
86 125 0.899
86 202 0.859
86 211 0.582
86 233 0.891
86 302 0.912
86 310 0.545
86 356 0.780
86 626 0.028
86 655 0.881
86 682 0.408
86 701 0.653
86 787 0.318
86 949 0.085
86 956 0.439
87 237 0.959
87 282 0.852
87 295 0.973
87 301 0.230
87 503 0.739
87 512 0.776
87 885 0.049
88 172 0.548
88 192 0.330
88 249 0.104
88 318 0.748
88 368 0.384
88 388 0.418
88 499 0.297
88 701 0.899
88 831 0.742
88 927 0.234
88 970 0.686
89 241 0.588
89 352 0.705
89 394 0.562
89 575 0.166
89 624 0.182
89 694 0.116
89 713 0.241
89 715 0.104
89 949 0.489
89 961 0.963
90 161 0.458
90 167 0.269
90 225 0.206
90 257 0.603
90 381 0.415
90 476 0.681
90 482 0.179
90 491 0.030
90 567 0.905
90 596 0.463
90 685 0.683
90 694 0.256
90 723 0.077
90 904 0.716
90 973 0.134
91 110 0.224
91 191 0.847
91 224 0.864
91 244 0.410
91 482 0.729
91 602 0.422
91 743 0.084
91 825 0.283
91 921 0.597
91 966 0.028
91 994 0.891
92 177 0.544
92 521 0.200
92 622 0.931
92 663 0.872
92 721 0.103
92 757 0.825
92 804 0.712
92 904 0.466
92 950 0.136
92 956 0.314
93 151 0.372
93 204 0.247
93 274 0.064
93 323 0.824
93 337 0.467
93 414 0.552
93 596 0.079
93 602 0.624
93 934 0.650
93 937 0.123
93 946 0.878
93 971 0.600
94 147 0.280
94 227 0.297
94 340 0.236
94 395 0.279
94 428 0.160
94 487 0.465
94 492 0.641
94 735 0.917
94 865 0.894
95 127 0.990
95 192 0.789
95 202 0.632
95 294 0.561
95 332 0.499
95 422 0.820
95 446 0.861
95 609 0.519
95 691 0.655
96 141 0.884
96 178 0.206
96 464 0.439
96 578 0.162
96 647 0.877
96 829 0.575
97 478 0.549
97 499 0.373
97 926 0.016
97 981 0.641
98 146 0.725
98 311 0.694
98 346 0.515
98 356 0.170
98 401 0.144
98 573 0.293
98 654 0.518
98 663 0.301
98 669 0.431
98 756 0.667
99 108 0.678
99 317 0.821
99 372 0.154
99 385 0.843
99 434 0.411
99 472 0.385
99 510 0.026
99 555 0.477
99 561 0.839
99 616 0.023
99 648 0.690
99 763 0.063
99 825 0.328
99 940 0.931
99 950 0.595
100 107 0.953
100 118 0.035
100 153 0.092
100 176 0.127
100 375 0.686
100 836 0.762
100 943 0.122
100 978 0.915
101 246 0.899
101 362 0.189
101 489 0.774
101 509 0.610
101 574 0.762
101 685 0.020
101 831 0.064
101 960 0.172
102 127 0.020
102 331 0.751
102 362 0.343
102 399 0.052
102 490 0.922
102 761 0.784
102 776 0.379
102 817 0.633
103 214 0.437
103 281 0.502
103 425 0.446
103 577 0.963
103 600 0.695
103 678 0.020
103 861 0.707
104 166 0.043
104 167 0.575
104 209 0.126
104 518 0.234
104 686 0.739
104 699 0.087
104 756 0.980
104 767 0.387
104 874 0.235
105 171 0.751
105 201 0.167
105 384 0.150
105 388 0.382
105 397 0.208
105 566 0.192
105 598 0.111
105 687 0.601
105 848 0.575
105 918 0.889
106 122 0.588
106 305 0.087
106 374 0.158
106 462 0.945
106 496 0.351
106 548 0.220
106 563 0.100
106 712 0.186
106 727 0.094
106 773 0.297
106 806 0.920
106 945 0.633
106 954 0.782
107 286 0.222
107 407 0.509
107 595 0.998
107 855 0.833
107 910 0.414
107 986 0.011
108 111 0.894
108 200 0.063
108 614 0.023
108 616 0.172
108 651 0.851
108 763 0.708
108 772 0.882
109 417 0.059
109 872 0.423
110 123 0.616
110 182 0.102
110 211 0.160
110 258 0.812
110 412 0.705
110 476 0.043
110 488 0.437
110 699 0.629
110 739 0.600
110 745 0.568
110 802 0.629
110 839 0.491
110 932 0.332
111 154 0.915
111 326 0.780
111 397 0.107
111 414 0.922
111 485 0.036
111 488 0.338
111 500 0.699
111 607 0.091
111 724 0.619
111 742 0.131
111 939 0.973
111 959 0.382
112 260 0.528
112 332 0.990
112 497 0.670
112 540 0.985
112 678 0.104
112 722 0.691
112 757 0.379
112 876 0.299
112 902 0.787
112 975 0.396
113 116 0.268
113 143 0.905
113 198 0.696
113 454 0.766
113 529 0.426
113 611 0.702
113 777 0.101
113 857 0.062
113 983 0.057
114 244 0.440
114 287 0.124
114 312 0.156
114 330 0.783
114 361 0.887
114 611 0.686
114 869 0.142
114 891 0.154
115 193 0.715
115 197 0.384
115 390 0.536
115 409 0.728
115 422 0.840
115 658 0.333
115 856 0.486
116 129 0.799
116 166 0.475
116 268 0.717
116 469 0.488
116 611 0.677
116 658 0.662
116 667 0.584
116 683 0.529
116 700 0.464
116 736 0.569
116 887 0.548
117 252 0.429
117 254 0.566
117 268 0.934
117 330 0.701
117 372 0.004
117 425 0.805
117 796 0.124
117 837 0.306
117 887 0.784
117 991 0.034
118 172 0.013
118 218 0.643
118 219 0.044
118 221 0.929
118 226 0.720
118 257 0.013
118 350 0.893
118 410 0.765
118 518 0.342
118 610 0.620
118 617 0.077
118 688 0.187
118 763 0.728
118 935 0.981
118 950 0.672
118 989 0.509
119 176 0.254
119 225 0.237
119 226 0.334
119 246 0.323
119 342 0.703
119 541 0.018
119 579 0.413
119 588 0.137
119 871 0.406
119 884 0.336
120 201 0.325
120 205 0.477
120 338 0.905
120 389 0.474
120 573 0.511
120 618 0.912
120 707 0.376
120 777 0.112
120 810 0.162
120 817 0.982
121 215 0.612
121 361 0.049
121 392 0.647
121 453 0.609
121 526 0.500
121 968 0.511
122 198 0.485
122 204 0.594
122 390 0.330
122 477 0.035
122 636 0.842
122 725 0.566
122 913 0.925
122 917 0.691
122 932 0.802
122 944 0.049
123 187 0.009
123 206 0.270
123 243 0.783
123 349 0.209
123 373 0.903
123 511 0.883
123 626 0.969
123 879 0.780
123 965 0.749
124 213 0.504
124 348 0.895
124 611 0.904
124 664 0.111
124 745 0.858
124 754 0.752
124 871 0.843
124 882 0.317
124 919 0.612
124 958 0.742
124 963 0.709
125 152 0.777
125 160 0.312
125 162 0.282
125 451 0.101
125 726 0.397
125 774 0.015
125 925 0.580
126 128 0.346
126 137 0.342
126 660 0.037
126 702 0.018
126 704 0.167
126 753 0.135
126 904 0.747
126 973 0.168
127 357 0.252
127 440 0.707
127 443 0.042
127 836 0.062
128 144 0.460
128 288 0.895
128 297 0.868
128 344 0.507
128 347 0.257
128 390 0.702
128 419 0.580
128 516 0.735
128 529 0.770
128 617 0.664
128 731 0.962
128 771 0.757
128 783 0.800
128 847 0.631
128 908 0.097
129 230 0.506
129 429 0.677
129 505 0.589
129 574 0.794
129 586 0.580
129 719 0.264
129 981 0.318
130 338 0.567
130 456 0.865
130 457 0.240
130 458 0.764
130 543 0.978
130 549 0.861
130 555 0.660
130 591 0.727
131 583 0.566
131 744 0.612
131 943 0.890
132 400 0.826
132 425 0.825
132 482 0.329
132 483 0.112
132 495 0.722
132 511 0.231
132 633 0.604
132 662 0.606
132 828 0.311
132 845 0.911
132 888 0.828
133 210 0.803
133 226 0.295
133 228 0.512
133 541 0.996
133 694 0.449
133 774 0.061
133 888 0.386
134 216 0.121
134 222 0.447
134 250 0.651
134 270 0.889
134 335 0.545
134 563 0.478
134 624 0.646
134 658 0.909
134 705 0.113
134 769 0.883
134 871 0.182
134 976 0.733
135 336 0.015
135 407 0.455
135 424 0.848
135 893 0.525
135 945 0.039
136 533 0.042
136 679 0.968
137 254 0.489
137 452 0.453
137 478 0.482
137 771 0.137
137 799 0.323
137 879 0.976
138 503 0.273
138 507 0.351
138 946 0.905
139 149 0.560
139 182 0.178
139 217 0.174
139 354 0.707
139 441 0.962
139 454 0.830
139 712 0.154
139 789 0.234
139 838 0.310
140 175 0.102
140 226 0.699
140 514 0.365
140 526 0.518
140 558 0.697
140 567 0.696
140 616 0.167
140 762 0.625
140 812 0.113
140 967 0.663
141 208 0.642
141 236 0.014
141 312 0.583
141 395 0.123
141 497 0.981
141 601 0.838
141 652 0.287
141 851 0.552
141 900 0.893
141 913 0.701
142 212 0.704
142 247 0.858
142 270 0.600
142 647 0.995
142 682 0.818
142 788 0.784
142 797 0.226
143 263 0.780
143 435 0.885
143 519 0.285
143 575 0.393
143 645 0.466
143 844 0.027
143 846 0.718
143 925 0.181
144 173 0.554
144 193 0.603
144 243 0.631
144 392 0.424
144 529 0.930
144 641 0.031
144 757 0.020
144 962 0.985
145 180 0.221
145 495 0.558
145 689 0.966
145 701 0.366
145 877 0.670
145 930 0.134
146 203 0.300
146 204 0.787
146 206 0.601
146 395 0.340
146 453 0.992
146 660 0.810
146 936 0.427
147 328 0.625
147 420 0.486
147 656 0.639
147 800 0.669
147 925 0.608
147 932 0.753
147 944 0.270
148 208 0.940
148 833 0.982
148 866 0.706
148 936 0.178
148 951 0.536
149 190 0.914
149 287 0.140
149 298 0.314
149 329 0.832
149 403 0.766
149 431 0.314
149 678 0.786
149 715 0.477
149 726 0.138
149 847 0.199
149 954 0.664
149 992 0.979
150 263 0.866
150 529 0.475
150 580 0.883
150 823 0.198
151 217 0.792
151 258 0.347
151 410 0.013
151 757 0.974
151 799 0.311
151 812 0.686
151 848 0.357
151 870 0.910
152 246 0.433
152 333 0.313
152 771 0.216
152 814 0.475
152 966 0.939
153 164 0.320
153 228 0.661
153 313 0.946
153 403 0.600
153 473 0.471
153 580 0.306
153 650 0.365
153 832 0.768
153 839 0.918
153 935 0.275
153 991 0.015
154 167 0.206
154 296 0.820
154 483 0.991
154 504 0.451
154 777 0.296
154 853 0.549
154 875 0.053
155 187 0.493
155 250 0.244
155 256 0.767
155 282 0.598
155 425 0.927
155 444 0.426
155 450 0.290
155 459 0.338
155 538 0.271
155 820 0.368
155 825 0.202
155 879 0.955
155 881 0.656
155 889 0.332
155 895 0.190
155 959 0.556
156 184 0.712
156 223 0.781
156 225 0.461
156 247 0.026
156 331 0.898
156 379 0.036
156 436 0.738
156 682 0.548
156 762 0.438
156 784 0.994
156 935 0.778
156 996 0.867
157 192 0.943
157 282 0.402
157 354 0.429
157 430 0.803
157 547 0.982
157 616 0.065
157 623 0.103
157 945 0.270
158 310 0.980
158 724 0.454
158 758 0.713
158 786 0.067
158 865 0.428
158 898 0.508
158 982 0.245
159 183 0.506
159 205 0.794
159 464 0.480
159 603 0.275
159 649 0.526
159 657 0.454
159 882 0.177
160 249 0.752
160 280 0.365
160 341 0.647
160 700 0.051
160 750 0.969
160 884 0.624
161 248 0.427
161 330 0.477
161 385 0.116
161 448 0.485
161 720 0.565
161 754 0.817
161 871 0.871
162 233 0.864
162 262 0.067
162 285 0.463
162 331 0.268
162 498 0.068
162 502 0.363
162 620 0.422
162 806 0.604
162 847 0.026
162 870 0.902
163 271 0.561
163 484 0.340
163 587 0.074
163 700 0.378
163 725 0.448
163 826 0.404
163 904 0.314
164 176 0.865
164 345 0.324
164 376 0.517
164 442 0.912
164 456 0.517
164 457 0.027
164 465 0.588
164 582 0.164
165 236 0.829
165 301 0.967
165 321 0.380
165 610 0.285
165 807 0.107
165 933 0.304
166 172 0.063
166 384 0.676
166 751 0.282
166 819 0.560
166 920 0.207
166 960 0.309
167 204 0.535
167 361 0.655
167 373 0.570
167 484 0.741
167 575 0.048
167 593 0.793
167 631 0.496
167 637 0.517
167 861 0.003
167 890 0.760
168 301 0.526
168 433 0.061
168 670 0.198
168 703 0.667
168 836 0.279
168 863 0.003
168 999 0.517
169 188 0.940
169 303 0.205
169 486 0.700
169 605 0.033
169 752 0.053
169 753 0.969
169 780 0.076
169 840 0.023
169 875 0.534
169 985 0.366
170 227 0.325
170 250 0.769
170 318 0.022
170 659 0.874
170 693 0.568
170 699 0.652
170 734 0.061
170 776 0.490
170 777 0.587
170 911 0.429
171 272 0.554
171 274 0.730
171 307 0.291
171 319 0.172
171 321 0.138
171 404 0.582
171 449 0.964
171 558 0.842
171 609 0.355
171 696 0.284
171 843 0.013
171 887 0.331
172 180 0.484
172 309 0.497
172 393 0.405
172 548 0.326
172 618 0.607
172 803 0.180
172 823 0.530
172 892 0.929
172 974 0.798
173 201 0.842
173 384 0.259
173 698 0.281
173 701 0.697
174 240 0.881
174 266 0.034
174 525 0.591
174 541 0.199
174 546 0.915
174 600 0.914
174 632 0.670
174 681 0.609
174 771 0.732
174 852 0.654
175 203 0.608
175 260 0.543
175 272 0.549
175 337 0.134
175 444 0.731
175 495 0.323
175 602 0.872
175 695 0.733
175 796 0.225
175 797 0.322
175 804 0.951
175 895 0.901
176 242 0.486
176 446 0.002
176 484 0.180
176 541 0.815
176 544 0.021
176 563 0.302
176 584 0.514
176 621 0.378
176 708 0.711
176 767 0.824
176 782 0.996
176 884 0.778
176 950 0.735
177 205 0.960
177 238 0.643
177 293 0.869
177 455 0.264
177 510 0.673
177 613 0.080
178 264 0.991
178 277 0.702
178 373 0.729
178 467 0.490
178 502 0.089
178 529 0.559
178 572 0.195
178 604 0.712
178 649 0.104
178 740 0.462
178 754 0.470
178 817 0.468
178 838 0.273
179 214 0.107
179 266 0.401
179 285 0.188
179 307 0.649
179 378 0.529
179 402 0.907
179 527 0.861
179 695 0.412
179 768 0.248
180 299 0.118
180 329 0.239
180 383 0.815
180 406 0.967
180 455 0.141
180 613 0.103
180 783 0.851
180 856 0.972
180 951 0.172
181 206 0.008
181 215 0.231
181 539 0.176
181 828 0.650
181 905 0.130
182 366 0.198
182 390 0.196
182 434 0.220
182 455 0.474
182 721 0.271
182 749 0.114
182 846 0.354
182 884 0.183
182 923 0.564
183 292 0.142
183 450 0.081
183 677 0.879
183 745 0.028
183 945 0.493
184 680 0.302
184 716 0.134
184 740 0.273
184 746 0.923
184 752 0.444
184 788 0.483
184 964 0.241
185 275 0.337
185 281 0.561
185 302 0.690
185 415 0.206
185 475 0.489
185 499 0.797
185 639 0.803
185 645 0.642
185 791 0.109
185 866 0.386
186 392 0.404
186 445 0.039
186 466 0.177
186 538 0.565
186 677 0.021
186 756 0.365
187 206 0.876
187 214 0.230
187 232 0.779
187 304 0.057
187 340 0.529
187 361 0.124
187 431 0.240
187 499 0.080
187 528 0.101
187 563 0.411
187 566 0.179
187 705 0.714
187 707 0.631
188 394 0.949
188 421 0.208
188 434 0.238
188 471 0.180
188 561 0.618
189 296 0.985
189 421 0.677
189 472 0.237
189 498 0.190
189 570 0.190
189 682 0.967
189 767 0.668
189 868 0.121
189 877 0.613
190 243 0.584
190 365 0.818
190 403 0.963
190 425 0.834
190 465 0.039
190 508 0.269
190 831 0.618
190 931 0.309
190 989 0.065
191 206 0.806
191 276 0.138
191 341 0.942
191 365 0.765
191 414 0.534
191 480 0.828
191 604 0.114
191 619 0.272
191 714 0.764
191 739 0.457
191 747 0.487
191 766 0.123
191 870 0.048
192 222 0.066
192 258 0.437
192 633 0.330
192 702 0.713
192 982 0.618
193 279 0.231
193 321 0.441
193 459 0.304
193 556 0.591
193 764 0.517
193 802 0.184
193 807 0.253
193 915 0.153
194 263 0.085
194 296 0.421
194 361 0.223
194 615 0.387
194 667 0.043
194 688 0.937
194 825 0.962
194 855 0.025
194 904 0.148
194 910 0.997
195 197 0.208
195 333 0.387
195 442 0.111
195 460 0.131
195 477 0.051
195 658 0.642
195 850 0.317
196 203 0.098
196 231 0.505
196 268 0.373
196 585 0.228
196 949 0.312
196 985 0.082
197 235 0.927
197 267 0.307
197 301 0.330
197 335 0.908
197 426 0.875
197 478 0.763
197 852 0.740
197 883 0.448
197 994 0.342
198 201 0.707
198 285 0.067
198 399 0.756
198 485 0.933
198 636 0.505
198 693 0.573
198 765 0.614
198 911 0.594
199 213 0.139
199 403 0.314
199 431 0.531
199 452 0.559
199 501 0.224
199 565 0.745
199 653 0.627
199 910 0.427
199 939 0.486
199 958 0.877
200 226 0.403
200 345 0.877
200 351 0.297
200 362 0.916
200 643 0.110
200 665 0.811
200 675 0.757
200 766 0.943
200 772 0.557
201 249 0.174
201 263 0.861
201 345 0.562
201 373 0.261
201 553 0.636
201 670 0.504
201 914 0.406
201 984 0.629
202 205 0.486
202 290 0.345
202 326 0.746
202 563 0.863
202 724 0.064
202 770 0.764
202 842 0.498
202 908 0.031
202 917 0.927
202 919 0.109
202 927 0.664
202 953 0.874
202 958 0.550
203 504 0.777
203 653 0.179
203 755 0.640
203 790 0.303
203 838 0.428
204 219 0.993
204 241 0.288
204 420 0.344
204 523 0.179
204 548 0.095
204 590 0.587
204 675 0.264
204 695 0.642
204 807 0.235
204 837 0.357
205 206 0.403
205 280 0.606
205 284 0.582
205 341 0.597
205 420 0.315
205 523 0.376
205 572 0.429
205 592 0.844
205 666 0.328
205 673 0.926
205 745 0.258
205 808 0.599
205 949 0.536
206 214 0.791
206 274 0.551
206 351 0.790
206 462 0.758
206 590 0.446
206 665 0.087
206 814 0.238
206 819 0.302
206 955 0.354
206 985 0.629
207 291 0.711
207 378 0.250
207 488 0.287
207 496 0.781
207 630 0.750
207 652 0.268
207 716 0.754
207 804 0.321
207 879 0.044
207 922 0.318
207 947 0.557
208 329 0.577
208 449 0.423
208 783 0.373
209 246 0.673
209 266 0.939
209 314 0.896
209 369 0.752
209 530 0.158
209 534 0.558
209 605 0.284
209 803 0.111
209 805 0.055
209 865 0.489
209 996 0.583
210 586 0.882
210 663 0.628
210 664 0.540
210 749 0.778
210 755 0.966
210 821 0.670
210 915 0.761
210 926 0.136
210 983 0.851
210 998 0.602
211 235 0.666
211 345 0.494
211 790 0.251
212 332 0.310
212 454 0.683
212 492 0.045
212 539 0.043
212 543 0.983
212 603 0.125
212 622 0.502
212 674 0.996
212 867 0.639
212 924 0.677
212 973 0.639
212 983 0.936
212 993 0.587
212 997 0.104
213 311 0.850
213 387 0.090
213 575 0.998
213 647 0.632
213 722 0.169
213 921 0.152
213 973 0.289
214 442 0.645
214 703 0.985
214 762 0.651
214 844 0.968
214 911 0.498
214 934 0.730
214 973 0.463
215 216 0.866
215 393 0.580
215 411 0.924
215 449 0.547
215 759 0.113
215 796 0.980
215 857 0.432
215 965 0.613
216 333 0.824
216 409 0.932
216 478 0.624
216 616 0.290
216 724 0.914
216 768 0.044
216 795 0.082
216 818 0.495
216 859 0.266
216 881 0.897
216 980 0.862
217 266 0.274
217 326 0.680
217 409 0.433
217 537 0.873
217 578 0.385
217 589 0.784
217 765 0.029
217 774 0.363
217 808 0.111
217 909 0.607
217 999 0.173
218 336 0.192
218 441 0.357
218 465 0.714
218 570 0.079
218 982 0.039
219 231 0.924
219 277 0.121
219 312 0.355
219 336 0.823
219 780 0.303
219 822 0.195
219 893 0.076
219 982 0.886
220 235 0.916
220 258 0.576
220 426 0.511
220 445 0.840
220 468 0.605
220 524 0.940
220 537 0.339
220 595 0.652
220 624 0.503
220 659 0.427
220 752 0.010
220 982 0.609
221 297 0.108
221 357 0.162
221 458 0.152
221 499 0.918
221 612 0.203
221 639 0.072
221 774 0.946
221 891 0.893
221 944 0.090
221 973 0.555
222 274 0.664
222 316 0.538
222 371 0.822
222 445 0.178
222 515 0.247
222 585 0.800
222 600 0.901
222 625 0.543
222 628 0.809
222 713 0.563
222 727 0.976
222 760 0.522
222 833 0.417
222 861 0.305
222 899 0.195
222 954 0.459
223 353 0.985
223 383 0.259
223 396 0.014
223 901 0.987
223 973 0.042
224 349 0.069
224 387 0.401
224 622 0.126
224 709 0.171
224 799 0.248
224 817 0.207
225 343 0.557
225 416 0.224
225 625 0.091
225 698 0.956
225 802 0.032
225 861 0.530
225 937 0.756
226 453 0.051
226 669 0.295
226 720 0.002
226 996 0.842
227 381 0.532
227 430 0.222
227 643 0.281
227 734 0.064
227 780 0.047
227 967 0.123
228 264 0.098
228 289 0.513
228 436 0.742
228 764 0.423
229 230 0.056
229 241 0.162
229 301 0.126
229 342 0.541
229 415 0.356
229 645 0.243
229 848 0.473
229 901 0.580
229 977 0.752
230 277 0.097
230 405 0.602
230 542 0.850
230 713 0.080
230 790 0.086
230 851 0.322
230 871 0.057
230 919 0.639
230 964 0.040
231 249 0.495
231 360 0.105
231 385 0.467
231 662 0.956
231 694 0.171
231 702 0.743
231 737 0.300
231 751 0.853
231 969 0.248
232 393 0.818
232 433 0.460
232 516 0.592
232 528 0.039
232 585 0.675
232 649 0.690
232 695 0.751
232 711 0.523
232 922 0.783
232 965 0.439
233 256 0.365
233 431 0.915
233 555 0.327
233 579 0.170
233 692 0.108
233 813 0.329
234 546 0.816
234 565 0.891
234 579 0.844
234 643 0.878
234 755 0.114
234 869 0.628
234 937 0.641
234 940 0.293
235 390 0.413
235 549 0.351
235 617 0.843
235 638 0.192
235 671 0.601
235 990 0.500
236 286 0.279
236 554 0.363
236 806 0.952
236 807 0.489
236 893 0.345
237 288 0.452
237 488 0.108
237 626 0.845
237 712 0.385
237 828 0.981
237 842 0.600
237 853 0.342
237 943 0.103
237 962 0.461
237 984 0.068
238 243 0.889
238 292 0.804
239 432 0.094
239 475 0.247
239 491 0.805
239 541 0.302
239 588 0.328
239 665 0.796
239 721 0.705
239 793 0.639
239 812 0.555
239 949 0.105
240 269 0.198
240 465 0.126
240 520 0.610
240 609 0.464
240 655 0.589
240 680 0.312
240 713 0.991
240 761 0.627
241 287 0.734
241 324 0.020
241 362 0.928
241 486 0.262
241 533 0.784
241 621 0.521
241 703 0.840
241 724 0.243
241 842 0.547
241 942 0.388
242 287 0.684
242 395 0.730
242 434 0.642
242 458 0.039
242 534 0.723
242 545 0.157
242 686 0.782
242 947 0.685
243 248 0.499
243 386 0.886
243 547 0.467
243 621 0.929
243 752 0.943
243 936 0.167
244 378 0.372
244 490 0.575
244 628 0.312
244 655 0.842
244 804 0.082
244 814 0.244
244 844 0.439
244 991 0.830
245 282 0.197
245 447 0.593
245 449 0.736
245 459 0.440
245 561 0.781
245 707 0.080
245 728 0.015
245 816 0.859
245 939 0.244
245 982 0.959
246 348 0.985
246 368 0.689
246 532 0.627
246 645 0.454
246 649 0.717
246 726 0.112
246 774 0.473
246 824 0.364
246 908 0.032
246 972 0.907
246 978 0.803
247 288 0.886
247 344 0.705
247 521 0.412
247 660 0.618
247 832 0.981
248 399 0.386
248 604 0.972
248 965 0.835
249 287 0.024
249 347 0.526
249 480 0.857
249 494 0.627
249 585 0.310
249 637 0.508
249 772 0.704
249 782 0.979
250 283 0.136
250 312 0.419
250 340 0.075
250 732 0.293
251 408 0.078
251 419 0.263
251 484 0.538
251 595 0.998
251 870 0.292
251 983 0.198
251 985 0.979
252 259 0.443
252 268 0.449
252 394 0.774
252 402 0.239
252 504 0.364
252 704 0.308
253 508 0.539
253 526 0.689
253 629 0.321
253 748 0.535
253 908 0.448
253 922 0.095
254 497 0.430
254 615 0.525
254 633 0.661
254 658 0.275
254 719 0.917
254 985 0.508
255 355 0.222
255 405 0.890
255 436 0.448
255 441 0.344
255 588 0.276
255 801 0.009
255 810 0.233
255 836 0.770
255 848 0.720
255 889 0.633
256 359 0.643
256 367 0.472
256 397 0.546
256 415 0.830
256 454 0.832
256 503 0.689
256 552 0.168
256 622 0.322
256 626 0.306
256 723 0.872
256 783 0.475
256 817 0.947
257 356 0.144
257 400 0.431
257 407 0.049
257 562 0.951
257 610 0.939
257 769 0.059
257 795 0.581
258 457 0.763
258 725 0.036
258 770 0.812
258 881 0.859
258 972 0.609
258 977 0.961
259 267 0.509
259 286 0.498
259 438 0.318
259 485 0.984
259 491 0.280
259 653 0.903
260 428 0.465
260 444 0.386
260 525 0.494
260 547 0.206
260 569 0.300
260 674 0.612
260 949 0.950
260 975 0.336
261 283 0.569
261 341 0.847
261 421 0.376
261 569 0.542
261 672 0.939
261 703 0.203
262 414 0.400
262 559 0.460
262 638 0.608
262 661 0.911
262 845 0.553
262 955 0.787
263 387 0.373
263 398 0.201
263 518 0.342
263 559 0.795
263 601 0.973
263 680 0.051
263 774 0.632
263 969 0.647
264 288 0.637
264 515 0.019
264 518 0.087
264 800 0.035
264 824 0.281
264 864 0.772
264 928 0.620
264 981 0.473
264 997 0.389
265 450 0.973
265 598 0.167
265 728 0.904
265 787 0.225
266 278 0.374
266 459 0.158
266 629 0.380
266 831 0.616
267 510 0.708
267 523 0.827
267 566 0.578
267 913 0.934
268 286 0.975
268 729 0.031
268 906 0.886
268 944 0.512
269 328 0.985
269 536 0.214
269 560 0.056
269 687 0.353
269 836 0.343
269 889 0.972
269 898 0.550
269 914 0.453
269 941 0.037
270 271 0.950
270 282 0.514
270 461 0.137
270 532 0.186
270 814 0.773
270 994 0.579
271 360 0.052
271 574 0.635
271 671 0.131
271 734 0.053
271 990 0.201
272 320 0.134
272 474 0.344
272 569 0.553
272 753 0.298
272 791 0.257
272 815 0.560
272 946 0.288
272 970 0.142
273 345 0.965
273 390 0.298
273 681 0.149
273 824 0.495
273 886 0.675
274 294 0.665
274 441 0.386
274 472 0.280
274 555 0.380
274 615 0.973
275 286 0.668
275 293 0.880
275 342 0.502
275 394 0.600
275 429 0.895
275 619 0.410
275 671 0.318
275 832 0.066
275 892 0.451
276 563 0.708
276 583 0.734
276 607 0.193
276 640 0.763
276 787 0.342
276 800 0.656
276 880 0.838
276 924 0.497
276 927 0.123
277 279 0.396
277 366 0.503
277 466 0.671
277 612 0.049
277 764 0.710
277 843 0.526
277 948 0.500
278 321 0.666
278 328 0.965
278 329 0.964
278 384 0.069
278 731 0.786
279 406 0.087
279 506 0.604
279 732 0.478
279 743 0.865
279 787 0.100
279 820 0.558
280 485 0.966
280 724 0.872
280 805 0.144
280 884 0.730
281 379 0.572
281 410 0.581
281 492 0.100
281 551 0.315
281 610 0.213
281 773 0.172
281 777 0.837
281 952 0.171
281 976 0.423
282 426 0.971
282 463 0.957
282 591 0.626
282 701 0.388
282 751 0.465
283 286 0.667
283 460 0.698
283 466 0.364
283 750 0.346
283 853 0.637
283 857 0.799
283 929 0.268
284 300 0.305
284 341 0.438
284 381 0.411
284 443 0.895
284 487 0.739
284 505 0.334
284 553 0.349
284 620 0.796
284 652 0.850
284 794 0.080
284 818 0.104
284 823 0.226
284 986 0.897
284 988 0.848
285 407 0.571
285 416 0.405
285 648 0.295
285 829 0.654
286 314 0.669
286 673 0.028
286 739 0.486
286 781 0.524
286 798 0.899
286 885 0.298
286 897 0.248
286 995 0.465
287 398 0.495
287 556 0.574
287 631 0.807
287 649 0.756
287 792 0.939
287 835 0.372
288 321 0.423
288 570 0.240
288 748 0.564
289 303 0.318
289 360 0.628
289 408 0.368
289 770 0.161
289 783 0.886
289 842 0.384
289 928 0.880
290 337 0.651
290 588 0.033
290 604 0.171
290 735 0.694
290 756 0.469
290 832 0.735
290 921 0.596
291 403 0.419
291 499 0.755
291 525 0.925
291 604 0.369
291 608 0.045
291 684 0.964
291 770 0.242
291 822 0.967
291 894 0.991
291 924 0.084
292 342 0.583
292 423 0.082
292 442 0.454
292 462 0.221
292 517 0.395
292 538 0.825
292 710 0.025
292 713 0.949
293 319 0.120
293 332 0.310
293 345 0.165
293 372 0.403
293 393 0.975
293 410 0.321
293 515 0.346
293 536 0.779
293 563 0.319
293 602 0.501
293 902 0.796
293 920 0.433
293 944 0.854
293 964 0.844
294 333 0.937
294 388 0.368
294 544 0.565
294 566 0.936
294 658 0.167
294 674 0.015
294 722 0.209
294 764 0.446
294 974 0.521
295 356 0.215
295 418 0.138
295 670 0.361
295 782 0.710
295 799 0.835
295 879 0.781
295 901 0.916
295 936 0.544
296 505 0.630
296 573 0.670
296 653 0.532
296 658 0.559
296 777 0.516
296 811 0.489
296 835 0.700
296 908 0.024
296 968 0.688
297 422 0.113
297 492 0.868
297 625 0.355
297 627 0.933
297 806 0.815
297 826 0.197
297 906 0.880
297 979 0.367
297 994 0.628
298 385 0.388
298 480 0.687
298 487 0.313
298 527 0.444
298 688 0.807
298 928 0.289
298 962 0.937
299 451 0.292
299 500 0.815
299 605 0.713
299 626 0.070
299 681 0.169
299 910 0.205
300 323 0.515
300 337 0.600
300 381 0.063
300 449 0.650
300 450 0.305
300 540 0.682
300 694 0.182
300 966 0.371
301 330 0.207
301 387 0.630
301 415 0.710
301 477 0.093
301 523 0.466
301 576 0.582
301 595 0.950
301 636 0.145
301 776 0.899
301 868 0.004
302 317 0.881
302 532 0.191
302 557 0.868
302 664 0.174
302 741 0.712
302 760 0.626
302 939 0.386
302 952 0.704
303 307 0.190
303 397 0.428
303 454 0.671
303 479 0.845
303 590 0.820
303 677 0.638
303 720 0.233
303 902 0.381
304 486 0.867
304 500 0.246
304 949 0.290
305 369 0.627
305 373 0.512
305 378 0.148
305 915 0.285
306 461 0.227
306 600 0.963
306 810 0.976
306 835 0.365
306 880 0.822
306 956 0.742
307 445 0.067
307 893 0.006
307 923 0.260
308 354 0.362
308 390 0.713
308 524 0.123
308 631 0.765
308 732 0.394
308 805 0.230
308 860 0.536
308 874 0.142
308 946 0.997
309 331 0.898
309 362 0.263
309 382 0.271
309 386 0.663
309 427 0.699
309 763 0.881
309 830 0.999
309 844 0.075
309 920 0.287
309 979 0.079
310 323 0.916
310 422 0.747
310 530 0.705
310 662 0.230
310 736 0.987
310 890 0.258
311 336 0.330
311 469 0.492
311 499 0.679
311 606 0.778
311 673 0.033
311 688 0.051
311 740 0.625
311 916 0.886
312 341 0.967
312 360 0.336
312 532 0.290
312 573 0.696
312 700 0.560
312 760 0.741
312 900 0.456
313 558 0.654
313 579 0.622
313 611 0.261
313 619 0.620
313 757 0.244
313 777 0.586
313 812 0.702
313 839 0.305
313 919 0.561
314 444 0.421
314 953 0.910
314 955 0.162
314 959 0.147
315 447 0.693
315 530 0.269
315 572 0.625
315 596 0.395
315 813 0.941
315 905 0.898
316 453 0.628
316 606 0.137
316 717 0.802
316 861 0.328
316 963 0.057
317 576 0.119
317 686 0.089
317 866 0.602
317 877 0.090
318 396 0.701
318 463 0.385
318 505 0.126
318 760 0.898
318 917 0.711
318 969 0.982
319 352 0.967
319 396 0.887
319 426 0.664
319 463 0.678
319 508 0.286
319 546 0.359
319 684 0.767
319 779 0.691
319 831 0.557
319 882 0.600
319 903 0.891
320 467 0.089
320 472 0.995
320 539 0.582
320 714 0.961
320 745 0.822
320 756 0.528
320 900 0.412
320 917 0.858
320 984 0.760
321 362 0.320
321 631 0.693
321 681 0.391
321 813 0.686
321 822 0.965
322 607 0.980
322 616 0.321
322 638 0.436
322 686 0.649
322 755 0.099
322 966 0.259
323 396 0.515
323 444 0.275
323 523 0.341
323 533 0.021
323 796 0.023
324 382 0.057
324 384 0.168
324 537 0.721
324 601 0.356
324 605 0.239
324 761 0.088
324 797 0.963
324 916 0.673
325 604 0.994
325 633 0.165
325 656 0.528
325 782 0.174
325 835 0.388
325 838 0.271
325 907 0.263
326 454 0.433
326 482 0.470
326 536 0.196
326 563 0.353
326 618 0.611
326 626 0.202
326 648 0.125
326 707 0.818
326 831 0.489
326 896 0.571
326 973 0.565
326 985 0.017
327 347 0.190
327 396 0.370
327 469 0.675
327 575 0.496
327 831 0.886
327 883 0.852
327 983 0.145
328 412 0.114
328 494 0.114
328 616 0.869
328 733 0.379
328 879 0.245
329 378 0.134
329 396 0.136
329 402 0.792
329 404 0.712
329 612 0.650
329 667 0.225
329 733 0.997
329 932 0.640
329 950 0.159
329 998 0.567
330 361 0.993
330 460 0.934
330 491 0.785
330 686 0.345
330 808 0.116
330 889 0.147
330 928 0.605
331 342 0.799
331 542 0.724
331 595 0.646
331 668 0.941
331 981 0.313
332 425 0.189
332 428 0.980
332 560 0.750
332 985 0.935
333 340 0.278
333 416 0.838
333 544 0.612
333 711 0.184
333 771 0.505
333 896 0.216
333 947 0.639
333 988 0.980
334 381 0.791
334 411 0.928
335 423 0.408
335 488 0.385
335 579 0.442
335 643 0.784
335 672 0.939
335 685 0.920
335 719 0.534
335 771 0.312
335 861 0.711
335 883 0.782
336 633 1.000
336 646 0.951
336 744 0.010
336 755 0.895
336 825 0.494
336 941 0.910
337 455 0.760
337 482 0.113
337 522 0.410
337 728 0.109
337 775 0.674
337 892 0.401
338 432 0.492
338 727 0.488
338 873 0.847
338 912 0.690
339 350 0.947
339 635 0.225
339 758 0.711
339 856 0.797
340 436 0.145
340 525 0.469
341 433 0.205
341 602 0.669
341 780 0.294
341 902 0.675
341 971 0.077
342 552 0.224
342 580 0.693
342 663 0.469
342 680 0.930
342 696 0.093
342 721 0.779
342 726 0.964
342 740 0.650
342 871 0.013
342 889 0.323
342 909 0.758
343 365 0.300
343 545 0.977
343 659 0.610
343 665 0.703
343 786 0.159
343 904 0.851
344 388 0.991
344 420 0.388
344 606 0.561
344 682 0.103
344 756 0.101
344 950 0.055
345 393 0.476
345 457 0.142
345 467 0.116
345 597 0.851
345 814 0.018
345 986 0.567
346 526 0.255
346 589 0.988
346 628 0.255
346 992 0.344
347 389 0.720
347 548 0.682
347 565 0.096
347 577 0.095
347 690 0.411
347 756 0.738
347 780 0.885
347 804 0.132
348 511 0.593
348 712 0.002
348 826 0.547
348 880 0.054
348 910 0.855
348 923 0.309
349 515 0.996
349 625 0.420
349 707 0.169
349 711 0.566
349 758 0.689
349 926 0.534
349 979 0.830
350 376 0.777
350 390 0.131
350 493 0.019
350 659 0.063
350 797 0.201
350 829 0.534
350 847 0.696
350 869 0.235
350 962 0.662
350 971 0.203
351 387 0.715
351 440 0.336
351 478 0.635
351 591 0.902
351 593 0.278
351 653 0.832
351 882 0.261
351 940 0.709
351 951 0.589
351 985 0.010
352 371 0.754
352 446 0.762
352 514 0.489
352 540 0.107
352 668 0.641
352 689 0.829
353 439 0.349
353 610 0.828
353 677 0.380
353 839 0.368
353 911 0.059
353 992 0.040
354 665 0.401
355 365 0.914
355 432 0.945
355 606 0.231
355 652 0.480
355 707 0.579
355 792 0.129
355 861 0.717
355 877 0.697
355 912 0.479
356 570 0.786
356 625 0.765
356 639 0.713
356 739 0.704
356 894 0.806
356 922 0.548
357 441 0.513
357 495 0.775
357 603 0.437
357 641 0.382
357 818 0.925
357 930 0.470
358 450 0.322
358 494 0.519
358 798 0.837
358 819 0.447
358 869 0.536
358 911 0.651
359 553 0.070
359 599 0.534
359 694 0.105
359 729 0.298
359 760 0.232
360 499 0.220
360 545 0.208
360 814 0.232
360 822 0.650
360 882 0.476
360 993 0.150
360 997 0.744
361 389 0.795
361 521 0.754
361 537 0.850
361 607 0.560
361 639 0.978
361 687 0.586
361 690 0.390
361 777 0.033
361 930 0.718
362 466 0.741
362 490 0.116
362 537 0.448
362 742 0.737
362 824 0.416
362 887 0.454
363 439 0.004
363 445 0.691
363 447 0.754
363 473 0.664
363 595 0.244
363 625 0.393
363 761 0.773
363 819 0.031
363 899 0.967
364 458 0.786
364 737 0.690
364 799 0.883
364 852 0.009
364 855 0.204
364 956 0.081
365 423 0.317
365 554 0.475
365 877 0.928
365 993 0.798
366 439 0.608
366 514 0.612
366 566 0.170
366 607 0.291
366 702 0.640
366 787 0.101
367 420 0.195
367 499 0.130
367 513 0.906
367 523 0.055
367 558 0.015
367 641 0.291
367 787 0.878
367 937 0.689
368 388 0.729
368 432 0.173
368 543 0.250
368 604 0.945
368 633 0.632
368 981 0.496
369 377 0.073
369 488 0.688
369 509 0.534
369 580 0.993
369 645 0.208
369 995 0.956
370 438 0.372
370 514 0.716
370 568 0.189
370 590 0.523
371 385 0.539
371 407 0.869
371 443 0.564
371 468 0.816
371 700 0.290
371 774 0.491
371 793 0.929
371 873 0.976
371 875 0.713
372 390 0.933
372 421 0.938
372 467 0.842
372 594 0.246
372 722 0.245
372 792 0.592
372 815 0.760
372 828 0.353
372 894 0.876
373 592 0.747
374 424 0.936
374 473 0.919
374 514 0.294
374 798 0.885
374 880 0.677
374 984 0.081
375 499 0.713
375 934 0.675
375 947 0.192
375 954 0.550
375 982 0.906
376 472 0.669
376 608 0.846
376 905 0.009
376 941 0.250
376 965 0.103
376 984 0.647
377 402 0.584
377 504 0.658
377 545 0.497
377 606 0.812
377 714 0.266
377 778 0.463
377 780 0.407
377 815 0.016
378 470 0.437
378 594 0.614
378 653 0.241
378 690 0.522
379 429 0.133
379 440 0.760
379 479 0.802
379 501 0.098
379 762 0.020
379 959 0.298
380 391 0.387
380 406 0.979
380 786 0.894
380 818 0.223
380 819 0.800
380 950 0.033
381 464 0.644
381 635 0.435
381 703 0.784
381 939 0.831
382 402 0.025
382 625 0.469
382 639 0.674
382 670 0.702
382 728 0.473
382 833 0.601
382 861 0.138
382 903 0.525
382 917 0.456
382 966 0.040
383 396 0.589
383 398 0.827
383 558 0.551
383 724 0.626
383 734 0.209
383 851 0.521
383 855 0.473
384 614 0.838
384 736 0.051
384 758 0.860
384 832 0.374
384 863 0.869
384 922 0.799
385 394 0.466
385 410 0.702
385 431 0.379
385 803 0.388
385 840 0.841
385 927 0.606
385 981 0.973
386 518 0.416
386 587 0.501
386 786 0.618
387 677 0.541
387 678 0.391
387 684 0.855
387 690 0.674
387 754 0.224
387 778 0.563
387 788 0.617
387 914 0.310
388 576 0.586
388 605 0.637
388 609 0.504
388 625 0.634
388 680 0.703
388 817 0.535
388 849 0.376
389 443 0.219
389 479 0.164
389 522 0.680
389 536 0.662
389 541 0.827
389 567 0.027
389 606 0.183
389 623 0.937
389 858 0.734
389 914 0.208
389 990 0.305
389 993 0.956
390 409 0.534
390 443 0.606
390 467 0.382
390 494 0.243
390 529 0.147
390 553 0.666
390 592 0.134
390 608 0.348
390 663 0.493
390 674 0.341
390 693 0.341
390 766 0.549
390 814 0.207
390 923 0.513
390 984 0.278
391 532 0.715
391 611 0.490
391 628 0.412
391 724 0.570
391 814 0.604
391 846 0.421
391 907 0.577
391 927 0.665
392 556 0.693
392 571 0.507
392 598 0.536
392 612 0.167
392 683 0.589
392 706 0.651
392 790 0.080
392 846 0.343
392 879 0.352
393 474 0.173
393 535 0.166
393 546 0.065
393 750 0.492
393 791 0.672
393 826 0.339
393 895 0.736
393 968 0.590
393 976 0.335
394 423 0.159
394 499 0.591
394 636 0.793
394 787 0.972
394 814 0.840
394 934 0.088
395 406 0.001
395 424 0.389
395 425 0.045
395 603 0.145
395 795 0.239
395 809 0.238
395 940 0.289
396 680 0.270
397 603 0.235
397 710 0.565
397 766 0.107
397 875 0.409
397 885 0.252
397 909 0.382
397 956 0.918
398 540 0.256
398 564 0.314
398 663 0.475
398 678 0.202
398 794 0.969
398 964 0.335
399 592 0.982
399 608 0.654
399 833 0.622
399 956 0.709
400 555 0.119
400 731 0.715
400 737 0.078
400 849 0.071
400 906 0.162
400 969 0.975
400 975 0.607
401 643 0.154
401 698 0.522
401 835 0.467
401 916 0.305
402 421 0.874
402 426 0.963
402 523 0.575
402 725 0.883
402 955 0.280
403 474 0.223
403 601 0.305
403 648 0.938
403 664 0.538
404 546 0.886
404 704 0.157
404 742 0.779
404 940 0.489
405 501 0.166
405 545 0.586
405 554 0.518
405 750 0.399
405 907 0.036
405 977 0.310
406 699 0.840
406 713 0.563
406 756 0.069
406 787 0.245
406 798 0.269
406 916 0.573
406 918 0.285
406 960 0.458
407 461 0.840
407 599 0.351
407 637 0.787
407 719 0.984
407 793 0.552
407 799 0.569
407 877 0.415
408 431 0.741
408 440 0.300
408 527 0.964
408 733 0.616
408 750 0.278
408 780 0.222
409 420 0.746
409 632 0.709
409 673 0.200
409 784 0.346
409 807 0.468
409 864 0.008
409 992 0.985
410 618 0.927
410 640 0.015
410 907 0.419
410 918 0.584
411 466 0.641
411 574 0.425
411 674 0.601
411 772 0.787
411 790 0.114
411 800 0.868
411 829 0.095
411 930 0.142
411 947 0.427
412 590 0.460
412 791 0.340
412 809 0.752
412 969 0.481
412 991 0.995
413 427 0.235
413 504 0.796
413 697 0.380
413 745 0.028
413 841 0.254
414 636 0.947
414 638 0.026
414 700 0.356
414 705 0.893
414 952 0.807
414 987 0.240
415 593 0.911
415 862 0.720
415 995 0.464
416 511 0.707
416 607 0.036
416 687 0.355
416 751 0.143
416 894 0.962
416 915 0.538
417 440 0.575
417 561 0.416
417 627 0.023
417 658 0.541
417 781 0.063
417 804 0.232
417 928 0.626
417 983 0.966
418 440 0.953
418 543 0.434
418 613 0.636
418 745 0.176
418 751 0.180
418 976 0.297
418 984 0.804
419 504 0.667
419 524 0.931
419 526 0.267
419 641 0.926
419 664 0.039
419 771 0.199
419 832 0.557
419 903 0.067
419 973 0.788
420 471 0.838
420 588 0.716
420 796 0.939
420 826 0.121
420 904 0.513
420 912 0.233
420 930 0.732
421 537 0.346
421 550 0.608
421 595 0.387
421 619 0.604
421 624 0.399
421 795 0.577
421 890 0.099
421 999 0.516
422 487 0.136
422 699 0.022
422 749 0.322
422 769 0.001
422 784 0.986
422 827 0.213
422 863 0.891
422 938 0.589
423 599 0.116
423 777 0.470
424 433 0.972
424 787 0.220
425 471 0.339
425 517 0.624
425 703 0.966
425 714 0.791
425 827 0.427
425 955 0.814
426 491 0.601
426 529 0.028
426 795 0.641
426 956 0.039
427 522 0.954
427 566 0.105
427 572 0.793
427 604 0.868
427 767 0.805
427 850 0.052
427 893 0.495
428 460 0.253
428 523 0.004
428 579 0.324
428 632 0.815
428 658 0.386
428 847 0.447
428 960 0.725
429 444 0.758
429 736 0.441
429 738 0.082
429 875 0.287
429 908 0.640
430 486 0.169
430 553 0.262
430 759 0.340
430 787 0.921
431 479 0.212
431 503 0.204
431 609 0.260
431 634 0.842
431 698 0.325
431 799 0.559
431 876 0.604
432 443 0.880
432 525 0.650
432 638 0.207
432 664 0.259
432 795 0.301
432 806 0.394
433 531 0.239
433 610 0.697
433 678 0.854
433 795 0.171
433 803 0.366
433 805 0.843
433 987 0.573
433 993 0.203
434 579 0.304
434 608 0.616
434 761 0.076
434 820 0.883
434 823 0.790
434 970 0.349
434 979 0.215
435 472 0.684
436 457 0.802
436 486 0.624
436 570 0.443
436 630 0.495
436 633 0.085
436 649 0.388
436 674 0.602
436 763 0.562
436 802 0.764
436 809 0.236
436 836 0.844
437 742 0.055
437 745 0.577
437 804 0.265
437 991 0.488
438 444 0.511
438 535 0.702
438 607 0.233
438 862 0.802
438 985 0.774
439 512 0.844
440 468 0.697
440 532 0.535
440 554 0.605
440 600 0.676
440 702 0.330
440 851 0.990
440 927 0.961
441 489 0.944
441 498 0.132
441 577 0.552
441 581 0.813
441 800 0.174
441 880 0.606
442 496 0.902
442 530 0.775
442 619 0.671
442 774 0.061
442 822 0.131
442 830 0.346
442 831 0.328
442 905 0.799
442 988 0.644
443 449 0.273
444 588 0.991
444 601 0.958
444 609 0.025
444 870 0.209
444 901 0.887
445 488 0.596
445 494 0.178
445 538 0.731
445 585 0.393
445 620 0.119
445 939 0.705
446 524 0.090
446 661 0.832
446 767 0.227
446 784 0.169
446 901 0.160
447 643 0.308
447 705 0.847
448 676 0.518
448 703 0.627
449 464 0.442
449 508 0.639
449 563 0.999
449 646 0.411
449 908 0.986
449 968 0.228
450 659 0.466
450 690 0.845
450 836 0.062
450 955 0.460
451 796 0.659
451 860 0.078
452 503 0.508
452 523 0.840
452 533 0.651
452 614 0.780
452 891 0.788
453 483 0.670
453 560 0.444
453 582 0.708
453 707 0.036
453 873 0.425
453 943 0.243
453 959 0.166
453 978 0.972
453 991 0.325
454 489 0.557
454 529 0.717
454 889 0.262
455 470 0.196
455 548 0.675
455 856 0.807
455 881 0.050
455 939 0.182
455 950 0.497
456 582 0.646
456 609 0.053
456 774 0.368
456 906 0.105
456 963 0.500
457 558 0.316
457 645 0.251
457 686 0.411
457 780 0.119
457 893 0.360
457 975 0.121
458 465 0.521
458 589 0.782
458 637 0.607
458 856 0.375
458 858 0.776
458 935 0.868
459 517 0.757
459 592 0.070
459 717 0.958
459 753 0.257
459 807 0.745
459 852 0.272
459 921 0.670
459 970 0.616
460 579 0.709
460 703 0.025
460 900 0.006
460 971 0.633
461 494 0.156
461 521 0.327
461 655 0.412
461 744 0.273
461 754 0.435
462 685 0.555
462 803 0.257
463 575 0.811
463 629 0.824
463 701 0.212
463 824 0.967
463 891 0.194
464 694 0.487
464 707 0.538
464 733 0.487
464 743 0.352
464 810 0.541
465 515 0.045
465 664 0.271
465 763 0.084
465 814 0.728
466 945 0.626
467 511 0.616
467 671 0.949
467 826 0.029
468 561 0.543
468 704 0.332
469 637 0.364
469 639 0.402
469 722 0.545
469 993 0.782
470 569 0.340
470 691 0.641
470 785 0.228
470 861 0.158
470 895 0.611
471 529 0.584
471 546 0.807
471 714 0.867
471 797 0.430
471 829 0.832
471 873 0.296
471 894 0.949
471 981 0.672
471 985 0.222
472 563 0.481
472 635 0.077
472 715 0.862
472 773 0.482
472 776 0.542
472 919 0.914
473 477 0.923
473 483 0.191
473 484 0.345
473 559 0.833
473 588 0.112
473 613 0.771
475 498 0.223
475 562 0.993
475 731 0.979
475 959 0.123
475 969 0.030
475 987 0.616
476 539 0.130
476 664 0.099
476 919 0.107
477 603 0.413
477 848 0.428
478 506 0.229
478 530 0.254
478 537 0.544
478 617 0.179
478 690 0.701
478 728 0.993
478 921 0.412
479 829 0.771
479 965 0.057
479 994 0.208
480 496 0.258
480 620 0.890
480 631 0.855
480 838 0.286
480 926 0.782
480 930 0.517
480 947 0.445
481 535 0.891
481 578 0.764
481 916 0.017
481 947 0.389
482 573 0.758
482 626 0.437
482 864 0.127
482 954 0.427
482 972 0.400
482 999 0.084
483 503 0.322
483 514 0.795
483 556 0.412
483 590 0.691
483 619 0.568
483 682 0.948
483 735 0.385
483 742 0.881
484 507 0.505
484 685 0.120
484 976 0.881
485 655 0.745
485 754 0.008
485 856 0.666
485 865 0.797
485 938 0.642
486 563 0.744
486 633 0.146
486 669 0.624
486 671 0.030
486 742 0.816
486 980 0.584
487 515 0.938
487 536 0.835
487 551 0.594
487 598 0.529
487 717 0.111
487 884 0.876
488 747 0.049
488 751 0.848
489 499 0.281
489 682 0.609
489 690 0.303
489 705 0.484
489 738 0.584
490 507 0.088
490 610 0.849
490 689 0.810
490 839 0.858
490 850 0.023
490 903 0.126
490 962 0.312
491 645 0.492
491 713 0.746
491 849 0.912
492 493 0.141
492 536 0.388
492 597 0.260
492 788 0.762
492 828 0.291
492 943 0.189
492 967 0.561
493 681 0.576
493 704 0.338
493 740 0.352
493 836 0.443
493 930 0.025
494 578 0.302
494 660 0.134
494 706 0.516
494 884 0.116
495 701 0.991
495 833 0.627
495 843 0.047
495 850 0.166
495 961 0.612
497 537 0.038
497 546 0.860
497 855 0.826
497 895 0.947
498 601 0.814
498 652 0.272
498 661 0.325
498 786 0.803
498 915 0.835
498 958 0.882
499 869 0.638
499 879 0.706
499 985 0.014
500 772 0.272
500 847 0.534
500 969 0.404
500 986 0.110
501 821 0.671
501 902 0.478
502 695 0.074
502 994 0.799
503 506 0.029
503 792 0.627
503 833 0.795
503 873 0.397
503 988 0.015
504 550 0.825
504 599 0.094
504 601 0.940
504 693 0.890
504 749 0.034
504 952 0.124
505 570 0.377
505 698 0.963
505 745 0.817
505 801 0.360
505 802 0.403
505 985 0.161
506 530 0.233
506 622 0.846
506 667 0.844
506 671 0.353
506 694 0.142
506 728 0.642
506 747 0.721
506 820 0.749
507 747 0.661
507 774 0.002
507 959 0.458
507 984 0.614
508 557 0.614
508 578 0.517
508 828 0.440
508 856 0.080
508 860 0.245
508 907 0.695
508 947 0.199
509 562 0.756
509 584 0.331
509 616 0.221
509 656 0.567
509 817 0.643
509 822 0.323
509 830 0.381
509 988 0.216
510 563 0.488
510 582 0.175
510 609 0.291
510 707 0.602
510 797 0.639
510 816 0.891
510 823 0.286
511 519 0.019
511 544 0.766
511 556 0.368
511 631 0.654
511 779 0.415
511 823 0.883
511 836 0.704
511 838 0.423
511 899 0.898
511 905 0.020
513 589 0.155
513 671 0.470
513 881 0.330
513 940 0.205
513 974 0.325
514 564 0.212
514 728 0.560
514 759 0.651
514 797 0.236
515 811 0.996
516 537 0.099
516 868 0.760
516 934 0.731
517 521 0.420
517 537 0.495
517 552 0.554
517 650 0.819
517 708 0.565
517 808 0.875
517 820 0.662
518 635 0.141
518 660 0.449
518 664 0.130
518 788 0.680
518 797 0.497
518 810 0.127
518 845 0.619
518 939 0.794
519 649 0.616
519 838 0.921
519 940 0.525
519 967 0.868
520 543 0.748
520 572 0.393
520 720 0.234
520 870 0.051
520 971 0.565
521 616 0.025
521 667 0.002
521 762 0.244
521 798 0.904
522 831 0.525
522 847 0.917
522 853 0.538
522 905 0.291
522 934 0.781
523 545 0.607
523 885 0.018
523 905 0.467
523 924 0.822
524 741 0.866
524 764 0.794
524 853 0.295
524 970 0.713
525 579 0.547
525 648 0.088
526 659 0.147
526 673 0.385
526 922 0.387
526 927 0.682
527 619 0.498
527 625 0.633
527 816 0.045
527 864 0.441
527 933 0.156
527 935 0.961
527 965 0.987
528 534 0.317
528 575 0.220
528 580 0.243
528 846 0.490
528 909 0.297
529 655 0.351
529 834 0.054
529 876 0.418
529 902 0.652
529 909 0.552
529 931 0.372
529 972 0.828
530 610 0.076
530 612 0.656
530 713 0.029
530 834 0.495
531 678 0.585
531 691 0.339
531 867 0.572
532 668 0.267
532 714 0.191
532 852 0.480
532 970 0.661
533 693 0.452
534 567 0.565
534 744 0.370
534 745 0.910
534 891 0.705
534 914 0.241
535 575 0.864
535 669 0.565
535 949 0.014
536 545 0.945
536 605 0.871
536 751 0.812
536 886 0.684
536 924 0.604
536 928 0.419
537 543 0.487
537 547 0.939
537 552 0.515
537 708 0.271
538 660 0.122
538 964 0.681
539 865 0.223
540 726 0.304
540 964 0.954
541 632 0.149
541 640 0.801
541 825 0.880
541 832 0.667
541 930 0.650
541 944 0.912
541 968 0.337
542 698 0.702
542 721 0.571
542 850 0.627
542 886 0.787
542 923 0.955
543 724 0.171
543 876 0.777
544 600 0.594
544 837 0.822
544 878 0.654
545 658 0.749
545 913 0.865
546 648 0.458
546 732 0.603
546 853 0.925
546 899 0.314
546 983 0.207
547 636 0.343
547 704 0.193
547 754 0.803
547 870 0.408
547 885 0.138
548 658 0.207
548 798 0.265
548 945 0.393
548 984 0.292
548 987 0.409
549 560 0.216
549 647 0.310
549 857 0.871
549 893 0.427
549 963 0.242
549 988 0.280
550 607 0.844
550 608 0.691
550 652 0.840
550 824 0.130
551 768 0.788
551 884 0.792
552 568 0.908
552 616 0.793
552 681 0.065
552 707 0.440
552 722 0.499
552 870 0.703
552 939 0.843
552 949 0.244
552 987 0.461
553 608 0.136
553 853 0.867
554 587 0.819
554 771 0.877
554 806 0.494
554 869 0.180
555 596 0.431
555 737 0.382
555 753 0.797
555 832 0.783
555 899 0.694
555 981 0.260
556 581 0.763
556 628 0.169
556 736 0.145
556 907 0.093
557 577 0.133
557 580 0.732
557 662 0.328
557 749 0.506
558 638 0.755
558 818 0.715
558 902 0.519
558 905 0.149
558 931 0.556
558 964 0.849
559 578 0.373
559 642 0.553
559 676 0.356
559 687 0.614
559 751 0.865
559 765 0.008
559 796 0.779
559 951 0.893
559 994 0.808
560 589 0.556
560 684 0.809
560 755 0.817
560 810 0.100
560 817 0.496
560 894 0.676
561 567 0.826
561 624 0.116
561 715 0.589
561 752 0.838
561 761 0.258
561 902 0.308
561 942 0.422
562 573 0.586
562 592 0.103
563 606 0.264
563 708 0.102
563 923 0.117
563 979 0.796
564 622 0.910
564 625 0.981
564 698 0.456
564 811 0.635
564 851 0.434
564 920 0.879
564 953 0.876
565 631 0.201
565 653 0.068
565 699 0.647
565 724 0.631
565 831 0.524
566 581 0.117
566 842 0.934
567 573 0.196
567 717 0.805
567 850 0.719
568 621 0.968
568 651 0.463
568 858 0.157
569 769 0.629
569 795 0.435
569 800 0.645
569 808 0.065
569 840 0.916
570 673 0.941
570 879 0.987
571 639 0.772
571 814 0.156
571 896 0.154
572 580 0.508
572 663 0.072
572 704 0.969
572 804 0.710
573 695 0.595
573 754 0.975
573 775 0.478
573 973 0.146
574 684 0.798
574 785 0.944
575 583 0.827
575 682 0.857
575 715 0.959
575 944 0.975
576 678 0.216
576 794 0.532
576 802 0.614
576 975 0.905
577 681 0.820
577 683 0.634
577 855 0.489
577 905 0.334
577 946 0.542
577 992 0.859
578 721 0.425
578 730 0.787
578 984 0.907
579 619 0.354
579 803 0.072
579 820 0.358
579 888 0.159
580 594 0.354
580 710 0.655
580 742 0.602
580 755 0.062
580 943 0.974
581 665 0.793
581 861 0.040
581 884 0.101
582 858 0.483
582 902 0.360
582 956 0.967
583 712 0.613
583 713 0.170
583 964 0.758
583 998 0.364
584 590 0.256
584 717 0.330
584 728 0.019
584 805 0.606
584 866 0.874
584 922 0.828
584 937 0.099
584 955 0.943
585 607 0.166
585 667 0.448
585 825 0.428
586 632 0.803
586 724 0.160
586 972 0.157
587 603 0.488
587 653 0.924
587 758 0.499
587 985 0.108
587 994 0.742
588 626 0.883
588 718 0.877
588 909 0.559
589 598 0.081
589 607 0.838
589 679 0.906
589 706 0.857
589 965 0.517
590 679 0.645
590 812 0.659
590 815 0.159
590 869 0.649
591 620 0.879
591 747 0.972
591 760 0.012
591 939 0.208
592 711 0.673
592 876 0.503
592 919 0.755
593 618 0.137
593 820 0.535
593 973 0.823
594 683 0.167
594 756 0.133
594 876 0.588
594 881 0.034
595 625 0.054
595 664 0.897
595 712 0.242
595 953 0.219
596 659 0.080
596 714 0.608
596 891 0.392
596 899 0.415
597 971 0.490
598 809 0.762
598 818 0.684
598 901 0.297
598 939 0.816
598 944 0.009
598 948 0.957
598 960 0.394
598 966 0.996
599 756 0.095
599 789 0.958
599 813 0.117
599 911 0.777
599 948 0.847
599 996 0.139
600 626 0.102
600 662 0.946
600 792 0.946
600 793 0.371
600 949 0.755
601 622 0.963
601 657 0.555
601 677 0.018
601 771 0.042
601 837 0.875
601 843 0.681
601 919 0.671
601 994 0.413
602 762 0.710
602 782 0.477
603 613 0.318
603 661 0.362
603 669 0.190
604 617 0.848
604 788 0.643
604 842 0.788
604 897 0.711
604 973 0.412
605 625 0.962
605 684 0.786
605 911 0.996
605 925 0.402
605 984 0.314
606 753 0.670
606 822 0.141
606 919 0.474
606 954 0.851
607 666 0.916
607 862 0.093
607 911 0.802
608 826 0.899
608 885 0.185
608 899 0.013
609 796 0.584
609 935 0.774
610 858 0.302
610 919 0.468
611 619 0.341
611 645 0.476
611 674 0.682
611 712 0.945
611 739 0.908
611 770 0.093
611 778 0.479
611 886 0.216
611 996 0.368
612 661 0.829
612 674 0.288
612 885 0.243
612 954 0.878
613 900 0.721
614 664 0.652
614 707 0.898
614 805 0.429
614 914 0.943
614 975 0.421
615 652 0.946
615 739 0.019
615 807 0.532
615 902 0.433
615 987 0.038
616 781 0.418
616 907 0.442
617 736 0.861
618 645 0.149
619 628 0.904
619 707 0.305
619 784 0.214
619 831 0.344
619 845 0.102
620 655 0.457
620 885 0.660
621 647 0.911
621 982 0.699
622 707 0.545
622 718 0.394
622 754 0.588
622 764 0.180
622 820 0.034
622 881 0.165
622 980 0.554
623 816 0.592
623 979 0.934
623 980 0.852
624 694 0.864
624 748 0.083
624 777 0.449
624 793 0.393
624 846 0.104
625 712 0.037
625 726 0.123
625 727 0.150
625 795 0.386
625 906 0.484
626 699 0.335
627 825 0.262
627 927 0.646
628 886 0.823
629 640 0.671
629 707 0.267
629 736 0.447
629 792 0.828
630 653 0.213
630 660 0.156
630 754 0.611
630 771 0.024
630 848 0.652
631 655 0.298
631 673 0.520
631 843 0.542
632 716 0.866
632 799 0.115
632 807 0.546
632 830 0.839
633 729 0.908
633 759 0.574
633 771 0.619
633 800 0.303
633 814 0.212
634 653 0.697
634 711 0.286
634 756 0.029
634 808 0.745
634 862 0.727
635 930 0.326
636 693 0.999
636 719 0.228
636 924 0.377
637 639 0.955
637 662 0.417
637 669 0.901
638 641 0.674
638 696 0.557
638 762 0.045
639 833 0.525
640 716 0.041
640 720 0.684
640 919 0.665
640 924 0.311
640 942 0.355
640 943 0.833
640 999 0.935
641 644 0.212
641 752 0.522
641 760 0.767
641 847 0.935
641 895 0.880
641 896 0.729
641 942 0.986
641 954 0.257
642 761 0.568
642 894 0.934
643 705 0.217
643 785 0.443
643 802 0.871
643 847 0.429
643 953 0.398
644 665 0.230
644 930 0.737
644 960 0.710
645 763 0.285
646 723 0.727
646 741 0.136
646 830 0.205
646 834 0.788
646 952 0.179
648 659 0.364
648 872 0.896
648 998 0.267
649 758 0.614
649 770 0.090
649 827 0.586
649 834 0.497
649 843 0.935
649 888 0.052
649 984 0.404
650 751 0.601
650 859 0.067
650 941 0.125
650 987 0.481
650 988 0.738
651 767 0.102
651 813 0.493
651 821 0.924
651 825 0.158
651 874 0.137
651 967 0.167
652 940 0.001
653 705 0.087
653 746 0.268
653 990 0.699
654 758 0.143
654 788 0.192
654 827 0.888
654 859 0.437
655 665 0.219
655 790 0.352
655 806 0.311
655 862 0.422
655 902 0.692
655 922 0.091
656 685 0.585
656 744 0.504
656 835 0.285
656 942 0.230
656 951 0.962
656 968 0.027
657 679 0.113
657 756 0.318
657 771 0.042
658 690 0.611
658 710 0.322
658 815 0.407
658 949 0.403
659 739 0.150
659 768 0.014
659 878 0.274
660 745 0.455
661 688 0.727
661 955 0.761
661 968 0.672
661 979 0.776
662 666 0.967
662 667 0.790
662 673 0.428
663 685 0.826
663 714 0.731
663 717 0.348
663 797 0.538
663 893 0.207
663 982 0.478
664 682 0.424
664 700 0.097
664 958 0.384
666 703 0.955
667 694 0.522
667 936 0.494
667 943 0.367
668 778 0.604
668 824 0.675
668 834 0.728
668 864 0.193
668 930 0.625
669 868 0.283
669 958 0.947
670 681 0.421
670 868 0.242
670 900 0.762
670 905 0.066
671 778 0.081
671 919 0.555
671 944 0.516
671 985 0.954
672 775 0.253
672 810 0.904
672 864 0.122
673 858 0.275
673 986 0.526
674 731 0.601
674 755 0.843
674 789 0.183
674 985 0.812
674 986 0.144
674 990 0.074
676 874 0.086
677 751 0.584
677 755 0.315
677 781 0.056
678 684 0.728
678 768 0.110
678 848 0.808
678 904 0.865
679 841 0.725
679 848 0.293
679 876 0.994
679 896 0.447
679 912 0.258
680 692 0.189
680 706 0.261
680 710 0.251
681 682 0.950
681 718 0.762
681 737 0.664
681 840 0.487
681 869 0.938
682 779 0.858
682 794 0.685
682 942 0.087
682 970 0.925
683 798 0.451
683 996 0.338
684 706 0.245
684 850 0.895
684 877 0.755
684 980 0.698
685 734 0.166
685 803 0.782
685 805 0.995
685 937 0.151
686 833 0.675
686 851 0.921
686 878 0.854
687 744 0.881
687 774 0.969
687 896 0.659
687 926 0.597
688 729 0.291
688 913 0.320
688 948 0.335
689 707 0.013
689 744 0.222
690 768 0.500
690 934 0.444
691 769 0.059
691 930 0.603
692 847 0.979
692 938 0.980
692 957 0.095
693 849 0.552
693 908 0.810
693 935 0.979
694 811 0.705
694 859 0.478
694 942 0.684
695 711 0.116
695 824 0.716
696 762 0.710
696 919 0.055
697 820 0.216
697 833 0.932
697 846 0.522
697 928 0.755
698 747 0.604
698 821 0.561
698 834 0.046
699 824 0.207
699 847 0.092
699 935 0.246
699 984 0.072
700 847 0.774
700 904 0.885
701 785 0.795
701 870 0.271
701 967 0.036
702 713 0.832
702 798 0.393
702 861 0.067
702 895 0.909
702 945 0.360
703 976 0.252
704 757 0.530
704 758 0.342
704 841 0.092
704 856 0.405
704 952 0.884
704 972 0.600
705 763 0.707
705 920 0.924
705 944 0.881
706 716 0.068
706 826 0.861
706 882 0.453
706 978 0.637
707 742 0.114
707 831 0.656
707 947 0.674
707 978 0.754
708 772 0.331
708 868 0.368
709 721 0.470
709 732 0.174
709 750 0.145
709 798 0.738
709 875 0.087
710 768 0.535
710 798 0.429
710 830 0.655
710 965 0.886
711 759 0.191
711 798 0.139
711 901 0.185
711 939 0.061
711 993 0.029
712 720 0.725
712 732 0.562
712 748 0.867
712 914 0.988
712 948 0.759
712 973 0.009
713 723 0.412
713 811 0.090
713 837 0.475
713 920 0.745
714 718 0.983
714 827 0.837
716 965 0.853
717 818 0.355
717 921 0.293
717 985 0.082
718 796 0.500
719 831 0.445
720 896 0.554
720 957 0.226
721 999 0.454
722 992 0.803
722 999 0.832
723 902 0.772
723 964 0.633
723 995 0.750
724 815 0.462
724 886 0.837
725 756 0.906
725 802 0.068
725 862 0.052
726 752 0.438
726 771 0.388
726 829 0.008
726 933 0.824
727 851 0.600
727 981 0.007
728 730 0.130
728 767 0.254
728 850 0.328
728 860 0.037
728 932 0.888
728 959 0.930
729 739 0.692
729 858 0.923
730 755 0.349
730 786 0.131
730 788 0.703
730 952 0.775
731 764 0.008
731 881 0.512
731 892 0.405
731 900 0.398
731 927 0.031
732 762 0.459
733 802 0.491
733 803 0.610
733 870 0.718
733 875 0.197
733 891 0.330
733 906 0.574
734 943 0.657
734 953 0.220
735 778 0.501
735 917 0.487
735 925 0.061
735 962 0.526
735 968 0.856
736 809 0.414
737 739 0.785
737 992 0.359
739 851 0.585
739 936 0.075
739 938 0.455
740 775 0.993
743 959 0.258
744 841 0.508
744 854 0.678
744 887 0.771
744 896 0.474
745 827 0.219
745 954 0.755
745 987 0.818
746 807 0.647
746 837 0.802
746 992 0.736
747 792 0.100
747 833 0.585
747 921 0.812
747 947 0.968
747 959 0.573
748 752 0.276
748 882 0.186
748 993 0.359
749 769 0.969
749 835 0.662
749 857 0.851
749 916 0.647
749 949 0.697
749 971 0.869
749 997 0.451
750 974 0.249
750 978 0.316
751 846 0.918
751 881 0.638
752 849 0.753
752 856 0.853
753 759 0.435
753 797 0.271
753 826 0.711
753 866 0.629
754 756 0.436
754 885 0.775
754 898 0.821
754 913 0.890
754 960 0.177
755 869 0.936
755 872 0.542
755 878 0.568
756 868 0.310
757 774 0.068
758 837 0.817
758 912 0.724
758 916 0.252
759 976 0.452
760 859 0.886
760 913 0.465
760 976 0.661
761 940 0.968
761 957 0.395
762 872 0.433
762 928 0.056
763 960 0.690
764 964 0.908
765 957 0.757
765 961 0.545
766 808 0.680
766 837 0.452
766 883 0.059
766 894 0.675
767 871 0.794
767 919 0.007
767 994 0.963
768 998 0.875
770 857 0.152
770 957 0.219
770 988 0.959
771 793 0.085
771 833 0.685
771 855 0.849
771 942 0.810
772 827 0.961
773 920 0.236
773 921 0.001
774 890 0.593
775 776 0.424
775 975 0.324
777 857 0.328
778 819 0.206
779 846 0.265
779 946 0.904
780 900 0.873
780 972 0.620
781 794 0.042
781 824 0.514
782 798 0.276
782 842 0.035
782 871 0.885
782 984 0.262
783 865 0.096
783 879 0.457
783 974 0.990
784 787 0.446
785 795 0.538
786 815 0.205
786 835 0.476
786 866 0.318
786 905 0.243
787 831 0.869
788 985 0.783
789 899 0.598
790 826 0.846
790 829 0.474
790 838 0.140
790 906 0.102
790 939 0.580
791 794 0.908
791 844 0.270
792 891 0.017
792 948 0.538
792 955 0.963
793 833 0.931
793 834 0.967
794 848 0.074
794 868 0.895
794 870 0.951
794 961 0.919
794 979 0.908
794 985 0.468
796 869 0.357
799 821 0.211
799 928 0.274
799 951 0.826
799 976 0.798
800 904 0.498
800 963 0.243
802 906 0.873
802 926 0.107
802 930 0.838
803 924 0.247
803 930 0.186
803 995 0.199
804 962 0.510
805 858 0.008
805 897 0.173
805 964 0.236
807 923 0.071
808 843 0.977
808 884 0.969
809 918 0.170
809 919 0.380
809 978 0.375
810 924 0.576
810 989 0.616
813 839 0.125
813 885 0.515
813 914 0.876
814 880 0.321
814 893 0.308
815 831 0.201
816 986 0.161
817 943 0.530
817 984 0.253
818 955 0.386
819 827 0.220
820 888 0.282
820 891 0.990
820 928 0.478
820 986 0.224
821 909 0.360
821 989 0.357
821 994 0.033
822 837 0.950
822 862 0.259
823 845 0.704
823 881 0.079
824 835 0.983
824 928 0.841
824 944 0.923
825 993 0.633
826 899 0.584
827 852 0.334
827 909 0.491
828 986 0.763
829 907 0.918
830 834 0.998
830 846 0.757
830 850 0.179
830 883 0.183
830 891 0.496
831 973 0.030
834 928 0.775
836 849 0.207
836 917 0.726
837 935 0.376
837 941 0.363
837 951 0.804
837 989 0.437
838 901 0.659
839 900 0.794
840 898 0.479
840 924 0.628
840 996 0.922
842 910 0.146
843 848 0.323
843 927 0.398
844 901 0.664
844 903 0.278
844 936 0.084
845 880 0.476
845 883 0.677
845 975 0.672
846 971 0.891
847 863 0.397
847 910 0.625
848 939 0.787
848 972 0.721
849 939 0.372
849 950 0.207
849 965 0.853
850 913 0.987
850 938 0.546
852 964 0.582
855 915 0.586
855 928 0.150
856 882 0.341
856 990 0.386
857 875 0.320
857 931 0.437
858 877 0.394
860 926 0.839
861 870 0.038
862 963 0.575
863 931 0.615
864 874 0.807
864 917 0.072
865 925 0.419
866 937 0.114
866 960 0.854
867 947 0.078
869 944 0.558
869 978 0.285
870 976 0.712
871 935 0.165
872 937 0.145
873 945 0.248
873 947 0.098
874 999 0.643
875 914 0.520
876 899 0.951
876 958 0.308
876 972 0.859
878 953 0.821
878 972 0.289
879 949 0.650
880 966 0.227
880 986 0.484
881 890 0.910
881 996 0.129
882 995 0.383
883 977 0.441
885 986 0.068
886 959 0.852
886 972 0.645
888 890 0.764
888 919 0.754
888 978 0.886
889 938 0.139
889 980 0.392
890 928 0.179
891 997 0.591
892 960 0.593
893 982 0.139
894 951 0.336
894 976 0.834
903 916 0.118
904 914 0.600
904 921 0.239
905 925 0.669
906 914 0.903
906 970 0.043
907 948 0.412
907 965 0.805
908 977 0.297
910 989 0.559
911 933 0.425
911 970 0.380
914 930 0.102
915 932 0.133
917 932 0.855
920 941 0.709
922 951 0.941
922 977 0.701
925 976 0.608
931 940 0.080
931 987 0.948
932 937 0.751
933 963 0.269
933 992 0.726
938 974 0.472
940 982 0.062
941 982 0.581
947 975 0.776
951 969 0.276
953 982 0.016
957 962 0.016
959 988 0.782
962 967 0.189
964 995 0.440
965 990 0.068
966 998 0.398
967 977 0.783
970 987 0.549
974 985 0.741
976 998 0.100
978 982 0.876
981 985 0.622
986 991 0.308
988 994 0.647
300
62 143
487 18
119 579
446 42
45 591
15 933
3 982
78 744
240 520
55 378
264 928
13 817
51 743
103 600
23 858
58 849
58 285
54 90
0 393
196 585
284 988
185 415
140 812
25 694
128 419
85 300
132 845
29 636
5 906
54 256
16 757
529 834
193 764
209 530
60 80
25 46
28 229
25 671
36 433
87 512
57 180
1 302
98 573
2 87
114 287
246 824
446 17
205 159
297 627
94 340
25 55
450 358
217 537
17 676
4 934
9 603
63 215
18 307
163 28
52 196
79 140
32 737
46 153
52 378
124 213
113 198
302 741
1 150
98 654
22 360
114 312
22 394
104 686
104 209
48 551
227 170
142 212
169 985
309 427
173 698
161 248
99 940
35 335
11 252
56 577
105 598
163 587
15 202
147 420
83 680
105 848
230 405
26 805
89 352
77 661
181 539
46 989
83 880
41 483
140 967
107 986
204 523
103 861
393 535
5 547
13 273
114 330
166 920
66 224
29 639
15 787
85 692
156 184
128 297
174 546
93 337
60 254
67 374
32 462
172 88
89 575
123 64
611 124
36 571
270 461
22 175
150 580
46 30
45 67
56 562
0 717
239 432
88 318
86 356
179 527
208 148
67 423
110 91
215 411
176 782
108 651
32 668
75 217
55 644
309 830
83 714
27 399
19 152
21 549
7 739
44 128
41 389
110 258
255 801
103 678
104 166
29 211
246 63
48 443
115 197
184 746
220 44
137 799
413 697
65 718
181 905
123 243
105 201
25 227
106 712
2 740
39 354
168 703
160 341
545 23
23 93
120 205
90 257
26 969
88 388
9 456
39 311
105 918
21 51
46 266
234 54
198 765
99 108
15 938
13 478
156 996
8 81
7 978
33 270
76 158
249 494
4 815
65 648
9 590
6 658
372 594
47 797
149 190
18 840
503 138
6 225
128 60
439 363
164 376
250 283
45 871
89 241
347 327
595 14
277 948
25 684
123 511
167 890
93 274
22 263
35 862
0 279
158 758
59 379
395 809
34 576
4 682
70 25
13 995
42 677
123 206
4 127
23 232
142 788
8 380
40 638
6 760
87 282
83 168
45 219
11 66
44 632
56 855
3 931
43 316
4 977
1 160
80 574
128 908
48 331
201 120
458 364
133 228
6 112
64 889
77 553
287 835
39 199
81 121
16 301
55 868
19 499
73 826
86 701
193 915
130 458
27 735
26 900
123 879
24 253
98 346
18 823
104 699
122 913
68 878
30 883
21 941
13 693
171 272
578 730
398 564
25 467
8 829
93 937
71 351
42 581
167 104
118 688
9 942
338 130
45 347
13 247
6 713
111 607
113 529
19 866
17 959
447 315
14 47
128 731
100
515
521
10
525
541
37
38
559
560
50
589
84
605
97
615
125
126
649
650
141
657
660
157
685
182
192
715
724
736
738
226
233
749
244
245
769
262
775
267
779
792
290
292
296
810
298
814
818
821
313
323
836
837
838
841
334
342
864
357
877
367
887
382
896
901
903
392
914
403
921
409
923
414
417
421
424
428
945
435
436
951
952
441
444
961
964
966
972
465
468
470
474
991
480
997
998
485
504
505
510
